17,640,0,0,60,60,MegaDaq
bkp_3-29.dat
3/29/2016-13:42:33

0,0,0,0,0,16711935,0,0,255,0,0,0,0,0,0,0,0,0,0,65535,0,0,0,0,0,0,0,0,0,255,0,0,16711935,0,0,0,0,0,0,0,65535,0,0,0,0,0,0,0,0,0,0,0,0,0,0,255,0,0,16711935,0,0,65535,0,0,0,0,0,0,0
0,0,0,0,0,16711935,0,0,0,255,0,0,0,0,0,0,0,0,0,65535,0,0,0,0,0,0,0,0,0,0,0,0,0,0,0,0,0,0,0,0,0,0,0,0,0,0,0,0,0,0,0,255,0,0,0,0,0,0,0,16711935,0,65535,0,0,0,0,0,0,0
0,0,0,0,0,255,16711935,0,0,0,0,0,0,0,0,0,0,0,0,65535,0,0,0,0,0,0,0,0,0,0,0,0,0,0,0,0,0,0,0,0,0,0,0,0,0,0,0,0,0,0,255,0,0,0,0,0,0,0,0,16711935,0,65535,0,0,0,0,0,0,0
0,0,0,0,0,16711935,0,0,0,0,0,0,0,0,255,0,0,0,0,65535,0,0,0,0,0,0,0,0,0,0,0,0,0,0,0,0,0,0,0,0,0,0,0,0,0,0,0,0,65535,0,0,0,0,255,0,0,0,0,0,16711935,0,0,0,0,0,0,0,0,0
0,0,0,0,0,0,0,0,0,0,0,0,0,0,0,0,0,0,0,0,255,0,0,0,0,0,0,0,0,0,0,0,0,0,0,0,0,0,0,0,0,0,0,0,0,0,0,0,0,0,0,0,0,0,0,0,0,0,0,0,16711935,65535,0,0,0,0,0,0,0
0,0,0,0,0,0,16711935,0,0,0,0,0,0,0,0,0,0,0,0,65535,0,0,0,0,0,0,0,0,0,0,0,0,0,0,0,0,0,0,0,0,0,0,0,0,0,0,0,0,0,0,0,0,0,0,255,0,0,0,0,0,0,0,0,0,0,0,0,0,0
0,0,0,0,0,0,0,0,0,0,0,0,0,0,0,0,0,0,0,0,0,0,0,0,0,0,0,0,0,0,0,0,0,16711935,0,255,0,0,0,0,65535,0,0,0,0,0,0,0,0,0,0,0,0,0,0,0,0,0,0,0,0,0,0,0,0,0,0,0,0
0,0,0,0,0,0,16711935,0,0,0,0,0,0,255,0,0,0,0,0,65535,0,0,0,0,0,0,0,0,0,0,0,0,0,0,0,0,0,0,0,0,0,0,0,0,0,0,0,0,0,0,0,0,0,0,255,0,0,0,0,0,0,16711935,0,0,0,0,0,0,0
0,0,0,0,0,0,16711935,0,0,0,0,0,0,0,255,0,0,0,0,65535,0,0,0,0,0,0,0,0,0,0,0,0,0,0,0,0,0,0,0,0,0,0,0,0,0,0,0,0,0,0,0,0,0,0,0,0,0,0,0,0,0,16711935,65535,255,0,0,0,0,0
0,0,0,0,0,0,0,0,0,0,0,0,0,0,0,0,0,0,0,0,0,0,0,0,0,0,0,0,0,0,0,0,0,16711935,0,0,255,0,0,0,0,65535,0,0,0,0,0,0,0,0,0,0,0,0,0,0,0,0,0,0,0,0,0,0,0,0,0,0,0
0,0,0,0,0,0,16711935,0,0,0,0,0,0,0,0,255,0,0,0,65535,0,0,0,0,0,0,0,0,0,0,0,0,0,0,0,0,0,0,0,0,0,0,0,0,0,0,0,0,0,0,0,0,0,0,255,0,0,0,0,0,0,0,16711935,65535,0,0,0,0,0
0,0,0,0,0,0,16711935,0,0,0,0,0,0,0,255,0,0,0,0,65535,0,0,0,0,0,0,0,0,0,0,0,0,0,0,0,0,0,0,0,0,0,0,0,0,0,0,0,0,0,0,0,0,0,0,0,0,0,0,0,255,0,0,16711935,65535,0,0,0,0,0
0,0,0,0,0,0,0,0,0,0,0,255,0,0,0,0,0,0,0,0,0,0,0,0,0,0,0,0,0,0,0,0,0,0,0,0,0,0,0,0,0,0,0,0,0,0,0,0,0,0,0,0,0,0,0,0,0,0,0,0,0,0,0,16711935,0,0,0,0,0
0,0,0,0,0,0,16711935,0,0,0,0,0,0,0,0,0,0,0,0,65535,0,0,0,0,255,0,0,0,0,0,0,0,0,0,0,0,0,0,0,0,0,0,0,0,0,0,0,0,0,0,0,255,0,0,0,0,0,0,0,0,0,0,0,16711935,0,0,0,0,0
0,0,0,0,0,0,16711935,0,0,0,0,0,0,0,0,0,0,0,0,65535,0,0,0,0,0,0,0,0,0,0,0,0,0,0,0,0,0,0,0,0,0,0,0,0,0,0,0,0,0,0,0,0,0,0,0,255,0,0,0,0,0,0,0,0,0,0,0,0,0
0,0,0,0,0,0,16711935,0,0,0,0,0,0,0,0,0,0,255,0,65535,0,0,0,0,0,0,0,0,0,0,0,0,0,0,0,0,0,0,0,0,0,0,0,0,0,0,0,0,0,0,0,0,0,0,255,0,0,0,0,0,0,0,0,16711935,0,0,0,0,0
0,0,0,0,0,0,16711935,0,0,0,0,0,0,0,255,0,0,0,0,65535,0,0,0,0,0,0,0,0,0,0,0,0,0,0,0,0,0,0,0,0,0,0,0,0,0,0,0,0,255,0,0,0,0,0,0,0,0,0,0,0,0,0,0,65535,16711935,0,0,0,0
0,0,0,0,0,0,16711935,0,0,0,0,255,0,0,0,0,0,0,0,65535,0,0,0,0,0,0,0,0,0,0,0,0,0,0,0,0,0,0,0,0,0,0,0,0,0,0,0,0,0,0,0,0,0,0,0,0,0,0,255,0,0,0,0,65535,16711935,0,0,0,0
0,0,0,0,0,0,16711935,0,0,0,0,0,0,255,0,0,0,0,0,65535,0,0,0,0,0,0,0,0,0,0,0,0,0,0,0,0,0,0,0,0,0,0,0,0,0,0,0,0,0,0,0,0,255,0,0,0,0,0,0,0,0,0,0,65535,0,16711935,0,0,0
0,0,0,0,0,0,16711935,0,0,0,255,0,0,0,0,0,0,0,0,0,65535,0,0,0,0,0,0,0,0,0,0,0,0,0,0,0,0,0,0,0,0,0,0,0,0,0,0,0,0,0,0,0,0,0,0,0,0,0,0,0,0,0,0,255,0,16711935,0,0,0
0,0,0,0,0,0,0,0,0,0,0,0,0,0,0,0,255,0,0,0,0,0,0,0,0,0,0,0,0,0,0,0,0,0,0,0,0,0,0,0,0,0,0,0,0,0,0,0,0,0,0,0,0,0,0,0,0,0,0,0,0,0,0,65535,0,16711935,0,0,0
0,0,0,0,0,0,0,16711935,0,0,0,0,0,0,0,0,0,255,0,0,65535,0,0,0,0,0,0,0,0,0,0,0,0,0,0,0,0,0,0,0,0,0,0,0,0,0,0,0,0,0,0,0,0,0,0,255,0,0,0,0,0,0,0,0,65535,0,16711935,0,0
0,0,0,0,0,0,0,16711935,0,0,0,0,0,0,0,0,0,0,0,0,65535,0,0,0,0,0,0,0,0,0,0,0,0,0,0,0,0,0,0,0,0,0,0,0,0,0,0,0,0,0,0,255,0,0,0,0,0,0,0,0,0,0,0,0,0,0,0,0,0
0,0,0,0,0,0,0,16711935,0,0,0,255,0,0,0,0,0,0,0,0,65535,0,0,0,0,0,0,0,0,0,0,0,0,0,0,0,0,0,0,0,0,0,0,0,0,0,0,0,0,0,0,0,0,255,0,0,0,0,0,0,0,0,0,0,65535,0,16711935,0,0
0,0,0,0,0,0,0,0,0,0,0,0,0,0,0,0,0,0,0,0,0,0,0,0,0,0,255,0,0,0,0,0,0,0,0,0,0,16711935,0,0,0,0,0,0,0,0,0,0,0,65535,0,0,0,0,0,0,0,0,0,0,0,0,0,0,0,0,0,0,0
0,0,0,0,0,0,0,16711935,0,0,0,0,0,0,0,0,0,0,0,255,65535,0,0,0,0,0,0,0,0,0,0,0,0,0,0,0,0,0,0,0,0,0,0,0,0,0,0,0,0,0,0,0,255,0,0,0,0,0,0,0,0,0,0,0,65535,0,0,16711935,0
0,0,0,0,0,0,0,16711935,0,0,0,0,0,0,0,0,0,0,255,0,65535,0,0,0,0,0,0,0,0,0,0,0,0,0,0,0,0,0,0,0,0,0,0,0,0,0,0,0,0,0,0,0,0,0,255,0,0,0,0,0,0,0,0,0,0,65535,0,16711935,0
0,0,0,0,0,0,0,16711935,0,0,0,0,0,0,0,0,255,0,0,0,65535,0,0,0,0,0,0,0,0,0,0,0,0,0,0,0,0,0,0,0,0,0,0,0,0,0,0,0,0,0,0,255,0,0,0,0,0,0,0,0,0,0,0,0,0,65535,0,0,16711935
0,0,0,0,0,0,0,16711935,0,0,0,0,0,0,0,0,0,0,0,0,65535,0,0,255,0,0,0,0,0,0,0,0,0,0,0,0,0,0,0,0,0,0,0,0,0,0,0,0,0,0,0,0,0,0,0,0,255,0,0,0,0,0,0,0,0,65535,0,0,16711935
0,0,0,0,0,0,0,16711935,0,0,0,0,0,0,0,0,0,255,0,0,65535,0,0,0,0,0,0,0,0,0,0,0,0,0,0,0,0,0,0,0,0,0,0,0,0,0,0,0,0,0,0,0,0,255,0,0,0,0,0,0,0,0,0,0,0,65535,0,0,16711935
0,0,0,0,0,0,0,16711935,0,0,0,0,0,0,0,0,0,0,0,0,65535,0,0,0,0,0,0,0,0,0,0,0,0,0,0,0,0,0,0,0,0,0,0,0,0,0,0,0,0,0,0,0,0,0,0,255,0,0,0,0,0,0,0,0,0,0,0,0,0
0,0,0,0,0,0,0,16711935,0,0,0,0,0,0,0,0,0,0,0,0,65535,0,255,0,0,0,0,0,0,0,0,0,0,0,0,0,0,0,0,0,0,0,0,0,0,0,0,0,0,0,0,0,255,0,0,0,0,0,0,0,0,0,0,0,0,0,65535,0,16711935
0,0,0,0,0,0,0,16711935,0,0,0,0,0,0,0,0,0,0,0,0,65535,0,0,0,0,0,0,255,0,0,0,0,0,0,0,0,0,0,0,0,0,0,0,0,0,0,0,0,0,0,0,0,0,0,255,0,0,0,0,0,0,0,0,0,0,0,65535,0,16711935
0,0,0,0,0,0,0,16711935,0,0,0,0,0,0,0,0,0,0,0,0,65535,0,255,0,0,0,0,0,0,0,0,0,0,0,0,0,0,0,0,0,0,0,0,0,0,0,0,0,0,0,0,0,0,0,255,0,0,0,0,0,0,0,0,0,0,0,65535,0,0
0,0,0,0,0,0,0,16711935,0,0,0,0,0,0,0,0,0,0,0,0,65535,0,0,0,0,0,255,0,0,0,0,0,0,0,0,0,0,0,0,0,0,0,0,0,0,0,0,0,0,0,0,0,0,0,0,0,0,0,0,255,0,0,0,0,0,0,65535,0,0
0,0,0,0,0,0,0,0,0,0,0,0,0,0,0,0,0,0,0,0,255,0,0,0,0,0,0,0,0,0,0,0,0,0,0,0,0,0,0,0,0,0,0,0,0,0,0,0,0,0,0,0,65535,0,0,0,0,0,0,0,0,0,0,0,0,0,0,0,0
0,0,0,0,0,0,0,16711935,0,0,0,0,0,0,0,0,0,0,0,0,65535,0,0,0,0,0,0,0,0,0,255,0,0,0,0,0,0,0,0,0,0,0,0,0,0,0,0,0,0,0,0,0,255,0,0,0,0,0,0,0,0,0,0,0,0,0,65535,0,0
0,0,0,0,0,0,0,16711935,0,0,0,0,0,0,0,0,255,0,0,0,65535,0,0,0,0,0,0,0,0,0,0,0,0,0,0,0,0,0,0,0,0,0,0,0,0,0,0,0,0,0,0,0,255,0,0,0,0,0,0,0,0,0,0,0,0,0,65535,0,0
0,0,0,0,0,0,0,0,0,0,0,0,0,0,0,0,0,0,0,0,0,0,0,0,0,0,0,0,0,0,0,255,0,0,0,0,0,0,16711935,0,0,0,0,65535,0,0,0,0,0,0,0,0,0,0,0,0,0,0,0,0,0,0,0,0,0,0,0,0,0
0,0,0,0,0,0,0,0,0,0,0,0,0,0,0,0,0,0,0,0,0,0,0,0,0,0,0,0,0,0,0,0,0,0,0,0,255,0,0,16711935,0,0,0,0,65535,0,0,0,0,0,0,0,0,0,0,0,0,0,0,0,0,0,0,0,0,0,0,0,0
0,0,0,0,0,0,0,16711935,0,0,0,0,0,255,0,0,0,0,0,0,65535,0,0,0,0,0,0,0,0,0,0,0,0,0,0,0,0,0,0,0,0,0,0,0,0,0,0,0,0,0,0,0,0,0,0,0,0,255,0,0,0,0,0,0,0,0,0,65535,0
0,0,0,0,0,65535,0,16711935,0,0,0,0,0,0,0,255,0,0,0,0,0,0,0,0,0,0,0,0,0,0,0,0,0,0,0,0,0,0,0,0,0,0,0,0,0,0,0,0,0,0,0,0,0,0,0,0,255,0,0,0,0,0,0,0,0,0,0,65535,0
0,0,0,0,0,0,0,0,0,0,0,0,0,0,0,0,0,0,0,0,0,0,0,0,0,0,0,0,0,0,0,0,0,0,0,255,0,0,0,16711935,0,0,0,0,65535,0,0,0,0,0,0,0,0,0,0,0,0,0,0,0,0,0,0,0,0,0,0,0,0
0,0,0,0,0,0,0,0,0,0,0,0,0,0,0,0,0,0,0,0,0,0,0,0,0,0,0,0,0,0,0,0,0,0,0,0,0,0,0,0,0,0,0,0,0,0,0,0,0,0,0,0,0,0,0,0,0,0,0,0,0,0,0,0,0,0,0,0,0
0,0,0,0,0,0,0,0,0,0,0,0,0,0,0,0,0,0,0,0,0,0,0,0,0,0,0,0,0,0,0,0,0,0,0,255,0,0,0,16711935,0,0,0,0,65535,0,0,0,0,0,0,0,0,0,0,0,0,0,0,0,0,0,0,0,0,0,0,0,0
0,0,0,0,0,0,0,0,0,0,0,0,0,0,0,0,0,0,0,0,0,0,0,0,0,0,0,0,0,0,0,0,0,0,0,0,0,0,0,16711935,255,0,0,0,65535,0,0,0,0,0,0,0,0,0,0,0,0,0,0,0,0,0,0,0,0,0,0,0,0
0,0,0,0,0,0,0,0,0,0,0,0,0,0,0,0,0,0,0,0,0,0,0,0,0,0,0,0,0,0,0,0,255,0,0,0,0,0,0,16711935,0,0,0,0,65535,0,0,0,0,0,0,0,0,0,0,0,0,0,0,0,0,0,0,0,0,0,0,0,0
0,0,0,0,0,0,0,0,0,0,0,0,0,0,0,0,0,0,0,0,0,0,0,0,0,0,0,0,0,0,0,0,0,0,0,0,0,255,0,0,16711935,0,0,0,65535,0,0,0,0,0,0,0,0,0,0,0,0,0,0,0,0,0,0,0,0,0,0,0,0
0,0,0,0,0,0,0,0,0,0,0,0,0,0,0,0,0,0,0,0,0,0,0,0,0,0,0,0,0,0,0,0,0,0,0,0,0,255,0,0,16711935,0,0,0,65535,0,0,0,0,0,0,0,0,0,0,0,0,0,0,0,0,0,0,0,0,0,0,0,0
0,0,0,0,0,0,0,0,0,0,0,0,0,0,0,0,0,0,0,0,0,0,0,0,0,0,0,0,0,0,255,0,0,0,0,0,0,0,0,0,16711935,0,0,0,65535,0,0,0,0,0,0,0,0,0,0,0,0,0,0,0,0,0,0,0,0,0,0,0,0
0,0,0,0,0,0,0,0,0,0,0,0,0,0,0,0,0,0,0,0,0,0,0,0,0,0,0,0,0,0,0,0,0,255,0,0,0,0,0,0,16711935,0,0,0,65535,0,0,0,0,0,0,0,0,0,0,0,0,0,0,0,0,0,0,0,0,0,0,0,0
0,0,0,0,0,0,0,0,0,0,0,0,0,0,0,0,0,0,0,0,0,0,0,0,0,0,255,0,0,0,0,0,0,0,0,0,0,0,0,0,16711935,0,0,0,65535,0,0,0,0,0,0,0,0,0,0,0,0,0,0,0,0,0,0,0,0,0,0,0,0
0,0,0,0,0,0,0,16711935,0,0,0,0,0,0,0,0,0,0,0,0,65535,0,0,0,0,0,0,0,0,0,0,0,0,0,0,0,0,0,0,0,0,0,255,0,0,0,0,0,0,0,0,0,0,0,0,0,0,0,0,0,0,0,0,0,0,0,0,0,0
0,0,0,0,0,0,0,0,0,255,0,0,0,0,0,0,0,0,0,0,0,0,0,0,0,0,0,0,0,0,0,0,0,0,0,0,0,0,0,0,0,0,0,0,0,0,0,0,0,0,0,0,0,0,0,0,0,0,0,0,0,0,0,0,0,0,0,0,0
0,0,0,0,0,0,0,16711935,0,0,0,0,0,0,0,0,255,0,0,0,65535,0,0,0,0,0,0,0,0,0,0,0,0,0,0,0,0,0,0,0,255,0,0,0,0,0,0,0,0,0,0,0,0,0,0,0,0,0,0,0,0,0,0,0,0,0,0,0,0
0,0,0,0,0,0,0,16711935,0,0,0,0,0,0,0,0,0,0,0,0,65535,0,0,0,0,0,0,0,0,0,0,0,0,0,0,0,0,0,0,0,255,0,0,0,0,0,0,0,0,0,0,0,0,0,0,0,0,0,0,0,0,0,0,0,0,0,0,0,0
0,0,0,0,0,0,0,16711935,0,0,0,0,0,0,0,0,255,0,0,0,65535,0,0,0,0,0,0,0,0,0,0,0,0,0,0,0,0,0,0,0,255,0,0,0,0,0,0,0,0,0,0,0,0,0,0,0,0,0,0,0,0,0,0,0,0,0,0,0,0
0,0,0,0,0,0,0,16711935,0,0,0,0,0,0,0,0,0,255,0,0,65535,0,0,0,0,0,0,0,0,0,0,0,0,0,0,0,255,0,0,0,0,0,0,0,0,0,0,0,0,0,0,0,0,0,0,0,0,0,0,0,0,0,0,0,0,0,0,0,0
0,0,0,0,0,0,0,16711935,0,0,0,0,0,0,0,255,0,0,0,0,65535,0,0,0,0,0,0,0,0,0,255,0,0,0,0,0,0,0,0,0,0,0,0,0,0,0,0,0,0,0,0,0,0,0,0,0,0,0,0,0,0,0,0,0,0,0,0,0,0
0,0,0,0,0,0,0,16711935,0,0,0,0,0,0,0,0,255,0,0,0,65535,0,0,0,0,0,0,0,0,0,0,0,255,0,0,0,0,0,0,0,0,0,0,0,0,0,0,0,0,0,0,0,0,0,0,0,0,0,0,0,0,0,0,0,0,0,0,0,0
0,0,0,0,0,0,16711935,0,0,0,0,0,0,0,0,0,0,255,0,0,65535,0,0,0,0,255,0,0,0,0,0,0,0,0,0,0,0,0,0,0,0,0,0,0,0,0,0,0,0,0,0,0,0,0,0,0,0,0,0,0,0,0,0,0,0,0,0,0,0
0,0,0,0,0,0,16711935,0,255,0,0,0,0,0,0,0,0,0,0,0,65535,0,0,0,0,255,0,0,0,0,0,0,0,0,0,0,0,0,0,0,0,0,0,0,0,0,0,0,0,0,0,0,0,0,0,0,0,0,0,0,0,0,0,0,0,0,0,0,0
0,0,0,0,0,0,0,0,0,0,0,0,0,0,0,0,0,0,0,0,0,0,255,0,0,0,0,0,0,0,0,0,0,0,0,0,0,0,0,0,0,0,16711935,0,0,65535,0,0,0,0,0,0,0,0,0,0,0,0,0,0,0,0,0,0,0,0,0,0,0
0,0,0,0,0,0,0,0,0,0,0,0,0,0,0,0,0,0,0,0,0,255,0,0,0,0,0,0,0,0,0,0,0,0,0,0,0,0,0,0,0,0,16711935,0,0,65535,0,0,0,0,0,0,0,0,0,0,0,0,0,0,0,0,0,0,0,0,0,0,0
0,0,0,0,0,0,0,0,0,0,0,0,0,0,255,0,0,0,0,0,0,0,0,0,0,0,0,0,0,0,0,0,0,0,0,0,0,0,0,0,0,0,0,0,0,0,0,0,0,0,0,0,0,0,0,0,0,0,0,0,0,0,0,0,0,0,0,0,0
0,0,0,0,0,0,16711935,0,0,0,0,0,0,0,0,0,0,0,0,0,65535,0,0,0,0,0,0,255,0,0,0,0,0,0,0,0,0,0,0,0,0,0,0,0,0,0,0,0,0,0,0,0,0,0,0,0,0,0,0,0,0,0,0,0,0,0,0,0,0
0,0,0,0,0,0,0,0,0,0,0,0,0,0,0,0,0,0,0,0,255,0,0,0,0,0,0,0,0,0,0,0,0,0,0,0,0,0,0,0,0,0,16711935,0,0,65535,0,0,0,0,0,0,0,0,0,0,0,0,0,0,0,0,0,0,0,0,0,0,0
0,0,0,0,0,0,0,0,0,0,0,0,0,0,0,0,0,0,0,0,0,0,255,0,0,0,0,0,0,0,0,0,0,0,0,0,0,0,0,0,0,0,16711935,0,0,0,65535,0,0,0,0,0,0,0,0,0,0,0,0,0,0,0,0,0,0,0,0,0,0
0,0,0,0,0,0,0,0,0,0,0,0,0,0,0,0,0,0,0,0,0,0,0,0,255,0,0,0,0,0,0,0,0,0,0,0,0,0,0,0,0,0,0,16711935,0,0,65535,0,0,0,0,0,0,0,0,0,0,0,0,0,0,0,0,0,0,0,0,0,0
0,0,0,0,0,0,0,0,0,0,0,0,0,0,0,0,0,0,0,0,0,0,0,0,0,255,0,0,0,0,0,0,0,0,0,0,0,0,0,0,0,0,0,16711935,0,0,65535,0,0,0,0,0,0,0,0,0,0,0,0,0,0,0,0,0,0,0,0,0,0
0,0,0,0,0,0,0,0,0,0,0,0,0,0,0,0,0,0,0,0,0,0,0,0,255,0,0,0,0,0,0,0,0,0,0,0,0,0,0,0,0,0,0,16711935,0,0,65535,0,0,0,0,0,0,0,0,0,0,0,0,0,0,0,0,0,0,0,0,0,0
0,0,0,0,0,0,16711935,0,0,0,0,0,0,0,0,0,0,0,0,0,0,0,0,0,0,0,255,255,0,0,0,0,0,0,0,0,0,0,0,0,0,0,0,0,0,0,0,0,0,0,0,0,0,0,0,0,0,0,0,0,0,0,0,0,0,0,0,0,0
0,0,0,0,0,0,0,0,0,0,0,0,0,0,0,0,0,0,0,0,0,0,0,0,0,0,0,0,0,0,0,0,0,0,0,0,0,0,0,0,0,0,0,0,0,0,0,0,0,0,0,0,0,0,0,0,0,0,0,0,0,0,0,0,0,0,0,0,0
0,0,0,0,0,0,0,0,0,0,0,0,0,0,0,0,0,0,0,0,0,0,0,0,0,0,255,0,0,0,0,0,0,0,0,0,0,0,0,0,0,0,0,16711935,0,0,65535,0,0,0,0,0,0,0,0,0,0,0,0,0,0,0,0,0,0,0,0,0,0
0,0,0,0,0,0,16711935,0,255,0,0,0,0,0,0,0,0,0,0,0,65535,0,0,0,255,0,0,0,0,0,0,0,0,0,0,0,0,0,0,0,0,0,0,0,0,0,0,0,0,0,0,0,0,0,0,0,0,0,0,0,0,0,0,0,0,0,0,0,0
0,0,0,0,0,0,16711935,0,0,0,0,0,0,255,0,0,0,0,0,0,255,0,0,0,0,0,0,0,0,0,0,0,0,0,0,0,0,0,0,0,0,0,0,0,0,0,0,0,0,0,0,0,0,0,0,0,0,0,0,0,0,0,0,0,0,0,0,0,0
0,0,0,0,0,0,0,16711935,0,0,0,0,0,0,0,0,0,0,0,0,65535,0,0,0,0,255,0,0,0,255,0,0,0,0,0,0,0,0,0,0,0,0,0,0,0,0,0,0,0,0,0,0,0,0,0,0,0,0,0,0,0,0,0,0,0,0,0,0,0
0,0,0,0,0,0,0,16711935,0,0,0,0,0,0,0,0,0,0,0,0,65535,0,0,0,0,255,255,0,0,0,0,0,0,0,0,0,0,0,0,0,0,0,0,0,0,0,0,0,0,0,0,0,0,0,0,0,0,0,0,0,65535,0,0,0,0,0,0,0,0
0,0,0,0,0,0,0,16711935,0,0,0,0,0,0,0,0,0,0,0,0,65535,0,255,0,255,0,0,0,0,0,0,0,0,0,0,0,0,0,0,0,0,0,0,0,0,0,0,0,0,0,0,0,0,0,0,0,0,0,0,0,0,0,0,0,0,0,0,0,0
0,0,0,0,0,0,0,16711935,0,0,0,0,0,0,0,0,0,0,0,0,65535,0,0,0,0,0,0,255,0,0,0,0,0,0,0,0,0,0,0,0,0,0,0,0,0,0,0,0,0,0,0,0,0,0,0,0,0,0,0,0,0,0,0,0,0,0,0,0,0
0,0,0,0,0,0,0,16711935,255,0,0,0,0,0,0,0,0,0,0,0,65535,0,0,0,0,0,0,0,255,0,0,0,0,0,0,0,0,0,0,0,0,0,0,0,0,0,0,0,0,0,0,0,0,0,0,0,0,0,0,0,0,0,0,0,0,0,0,0,0
0,0,0,0,0,0,0,0,0,0,0,0,0,0,0,0,0,0,0,0,0,0,255,0,0,0,0,0,0,0,0,0,0,0,0,0,0,0,0,0,0,0,0,0,0,0,0,0,0,0,0,0,0,0,0,0,0,0,0,0,0,0,0,0,0,0,0,0,0
0,0,0,0,0,0,0,16711935,0,0,0,0,0,0,0,0,0,0,0,0,255,0,255,0,0,0,0,0,0,0,0,0,0,0,0,0,0,0,0,0,0,0,0,0,0,0,0,0,0,0,0,0,0,0,0,0,0,0,0,0,0,0,0,0,0,0,0,0,0

0,2,0,109.55,96.602251,6.1780235,1,1,1,1,1,1,1,1,1,0,0,0,0,2,2,2,2,2,2,2,2,2,2,2,2,2,2,2,2,0,0,0,0
4,1,0.4369999999998981,106.1,95.026504,6.178157,1,1,1,1,1,1,1,1,1,0,0,0,0,1,1,1,1,1,1,1,1,1,1,1,1,1,1,1,1,0,0,0,0
5,1,0.5309999999999491,112.9,98.150886,6.177866,1,1,1,1,1,1,1,1,1,0,0,0,0,1,1,1,1,1,1,1,1,1,1,1,1,1,1,1,1,0,0,0,0
11,1,1.124499999999898,106.1,95.012007,6.178146,1,1,1,1,1,1,1,1,1,0,0,0,0,2,2,1,2,2,2,2,2,2,2,2,2,2,2,2,2,0,0,0,0
12,1,1.218499999999949,112.9,98.14763499999999,6.177886,1,1,1,1,1,1,1,1,1,0,0,0,0,2,2,1,2,2,2,2,2,2,2,2,2,2,2,2,2,0,0,0,0
20,1,1.921499999999469,106.1,94.988834,6.178171,1,1,1,1,1,1,1,1,1,0,0,0,0,2,2,1,2,2,2,2,2,2,2,2,2,2,2,2,2,0,0,0,0
21,1,2.046500000000378,112.9,98.135082,6.177897,1,1,1,1,1,1,1,1,1,0,0,0,0,2,2,1,2,2,2,2,2,2,2,2,2,2,2,2,2,0,0,0,0
29,1,2.734499999999571,108.2,94.963707,6.1781165,1,1,1,1,1,1,1,1,1,0,0,0,0,2,2,1,2,2,2,2,2,2,2,2,2,2,2,2,2,0,0,0,0
30,1,2.867000000000644,112.9,98.144458,6.177878,1,1,1,1,1,1,1,1,1,0,0,0,0,2,2,1,2,2,2,2,2,2,2,2,2,2,2,2,2,0,0,0,0
38,1,3.624499999999898,106.05,94.93669800000001,6.178077,1,1,1,1,1,1,1,1,1,0,0,0,0,2,2,1,2,2,2,2,2,2,2,2,2,2,2,2,2,0,0,0,0
39,1,3.656500000000051,112.9,98.128361,6.177871,1,1,1,1,1,1,1,1,1,0,0,0,0,2,2,1,2,2,2,2,2,2,2,2,2,2,2,2,2,0,0,0,0
47,2,4.464750000000322,109.45,96.5224535,6.17798825,1,1,1,1,1,1,1,1,1,0,0,0,0,4,4,2,4,4,4,4,4,4,4,4,4,4,4,4,4,0,0,0,0
55,1,5.234499999999571,106,94.886883,6.1781245,1,1,1,1,1,1,1,1,1,0,0,0,0,2,2,1,2,2,2,2,2,2,2,2,2,2,2,2,2,0,0,0,0
56,1,5.296500000000378,112.9,98.13147600000001,6.1778725,1,1,1,1,1,1,1,1,1,0,0,0,0,2,2,1,2,2,2,2,2,2,2,2,2,2,2,2,2,0,0,0,0
64,1,6.0625,105.9,94.860721,6.1781145,1,1,1,1,1,1,1,1,1,0,0,0,0,2,2,1,2,2,2,2,2,2,2,2,2,2,2,2,2,0,0,0,0
65,1,6.124500000000808,112.9,98.13338899999999,6.177816,1,1,1,1,1,1,1,1,1,0,0,0,0,2,2,1,2,2,2,2,2,2,2,2,2,2,2,2,2,0,0,0,0
73,2,6.890499999999975,109.375,96.489007,6.177978749999999,1,1,1,1,1,1,1,1,1,0,0,0,0,4,4,2,4,4,4,4,4,4,4,4,4,4,4,4,4,0,0,0,0
82,1,7.702500000000327,105.8,94.809871,6.178111,1,1,1,1,1,1,1,1,1,0,0,0,0,2,2,1,2,2,2,2,2,2,2,2,2,2,2,2,2,0,0,0,0
83,1,7.796500000000378,112.9,98.134131,6.1778705,1,1,1,1,1,1,1,1,1,0,0,0,0,2,2,1,2,2,2,2,2,2,2,2,2,2,2,2,2,0,0,0,0
90,1,8.484499999999571,105.8,94.787734,6.1781165,1,1,1,1,1,1,1,1,1,0,0,0,0,2,2,1,2,2,2,2,2,2,2,2,2,2,2,2,2,0,0,0,0
91,1,8.617000000000644,112.9,98.11590200000001,6.177837999999999,1,1,1,1,1,1,1,1,1,0,0,0,0,2,2,1,2,2,2,2,2,2,2,2,2,2,2,2,2,0,0,0,0
99,1,9.3125,105.8,94.763694,6.178137,1,1,1,1,1,1,1,1,1,0,0,0,0,2,2,1,2,2,2,2,2,2,2,2,2,2,2,2,2,0,0,0,0
101,1,9.499500000000808,112.9,98.106537,6.177891499999999,1,1,1,1,1,1,1,1,1,0,0,0,0,2,2,1,2,2,2,2,2,2,2,2,2,2,2,2,2,0,0,0,0
107,1,10.10899999999992,105.8,94.752332,6.178056,1,1,1,1,1,1,1,1,1,0,0,0,0,2,2,1,2,2,2,2,2,2,2,2,2,2,2,2,2,0,0,0,0
109,1,10.29650000000038,112.9,98.095782,6.177865499999999,1,1,1,1,1,1,1,1,1,0,0,0,0,2,2,1,2,2,2,2,2,2,2,2,2,2,2,2,2,0,0,0,0
116,1,10.92149999999947,105.7,94.731041,6.1780995,1,1,1,1,1,1,1,1,1,0,0,0,0,2,2,1,2,2,2,2,2,2,2,2,2,2,2,2,2,0,0,0,0
118,1,11.10950000000048,112.9,98.10312999999999,6.177867,1,1,1,1,1,1,1,1,1,0,0,0,0,2,2,1,2,2,2,2,2,2,2,2,2,2,2,2,2,0,0,0,0
125,1,11.73449999999957,105.7,94.707126,6.178118,1,1,1,1,1,1,1,1,1,0,0,0,0,2,2,1,2,2,2,2,2,2,2,2,2,2,2,2,2,0,0,0,0
127,1,11.9375,112.9,98.097224,6.177910000000001,1,1,1,1,1,1,1,1,1,0,0,0,0,2,2,1,2,2,2,2,2,2,2,2,2,2,2,2,2,0,0,0,0
134,1,12.5625,105.75,94.677432,6.178135,1,1,1,1,1,1,1,1,1,0,0,0,0,2,2,1,2,2,2,2,2,2,2,2,2,2,2,2,2,0,0,0,0
136,1,12.75750000000062,112.9,98.086051,6.177845,1,1,1,1,1,1,1,1,1,0,0,0,0,2,2,1,2,2,2,2,2,2,2,2,2,2,2,2,2,0,0,0,0
142,1,13.35149999999976,105.7,94.65539800000001,6.1781215,1,1,1,1,1,1,1,1,1,0,0,0,0,2,2,1,2,2,2,2,2,2,2,2,2,2,2,2,2,0,0,0,0
145,1,13.59400000000051,112.85,98.091162,6.1778795,1,1,1,1,1,1,1,1,1,0,0,0,0,2,2,1,2,2,2,2,2,2,2,2,2,2,2,2,2,0,0,0,0
151,1,14.17149999999947,105.7,94.630752,6.178144,1,1,1,1,1,1,1,1,1,0,0,0,0,2,2,1,2,2,2,2,2,2,2,2,2,2,2,2,2,0,0,0,0
153,1,14.40650000000005,112.8,98.088173,6.1778165,1,1,1,1,1,1,1,1,1,0,0,0,0,2,2,1,2,2,2,2,2,2,2,2,2,2,2,2,2,0,0,0,0
160,1,15.0625,105.7,94.60308499999999,6.178108,1,1,1,1,1,1,1,1,1,0,0,0,0,2,2,1,2,2,2,2,2,2,2,2,2,2,2,2,2,0,0,0,0
162,1,15.21849999999995,112.8,98.075097,6.177861,1,1,1,1,1,1,1,1,1,0,0,0,0,2,2,1,2,2,2,2,2,2,2,2,2,2,2,2,2,0,0,0,0
169,1,15.8744999999999,105.6,94.582651,6.1780995,1,1,1,1,1,1,1,1,1,0,0,0,0,2,2,1,2,2,2,2,2,2,2,2,2,2,2,2,2,0,0,0,0
171,1,16.05450000000019,112.8,98.064331,6.1778895,1,1,1,1,1,1,1,1,1,0,0,0,0,2,2,1,2,2,2,2,2,2,2,2,2,2,2,2,2,0,0,0,0
178,1,16.70250000000033,105.6,94.560576,6.178138499999999,1,1,1,1,1,1,1,1,1,0,0,0,0,2,2,1,2,2,2,2,2,2,2,2,2,2,2,2,2,0,0,0,0
180,1,16.87500000000045,112.8,98.06096599999999,6.177875999999999,1,1,1,1,1,1,1,1,1,0,0,0,0,2,2,1,2,2,2,2,2,2,2,2,2,2,2,2,2,0,0,0,0
186,2,17.51566666666652,108,96.300031,6.178041666666666,1,1,1,1,1,1,1,1,1,0,0,0,0,3,3,2,3,3,3,3,3,3,3,3,3,3,3,3,3,0,0,0,0
194,1,18.20299999999997,112.8,98.062878,6.1778795,1,1,1,1,1,1,1,1,1,0,0,0,0,2,2,1,2,2,2,2,2,2,2,2,2,2,2,2,2,0,0,0,0
195,1,18.34349999999995,105.6,94.51999000000001,6.178089,1,1,1,1,1,1,1,1,1,0,0,0,0,2,2,1,2,2,2,2,2,2,2,2,2,2,2,2,2,0,0,0,0
203,1,19.03150000000051,112.8,98.063652,6.1778675,1,1,1,1,1,1,1,1,1,0,0,0,0,2,2,1,2,2,2,2,2,2,2,2,2,2,2,2,2,0,0,0,0
204,1,19.17149999999947,105.5,94.49390099999999,6.1780905,1,1,1,1,1,1,1,1,1,0,0,0,0,2,2,1,2,2,2,2,2,2,2,2,2,2,2,2,2,0,0,0,0
209,1,19.64100000000053,112.8,98.058426,6.17789,1,1,1,1,1,1,1,1,1,0,0,0,0,1,1,1,1,1,1,1,1,1,1,1,1,1,1,1,1,0,0,0,0
213,1,20.01549999999952,105.5,94.47753299999999,6.178103,1,1,1,1,1,1,1,1,1,0,0,0,0,2,2,1,2,2,2,2,2,2,2,2,2,2,2,2,2,0,0,0,0
216,1,20.34349999999995,112.8,98.054705,6.1778555,1,1,1,1,1,1,1,1,1,0,0,0,0,2,2,1,2,2,2,2,2,2,2,2,2,2,2,2,2,0,0,0,0
222,1,20.84349999999995,105.5,94.47080200000001,6.178063,1,1,1,1,1,1,1,1,1,0,0,0,0,2,2,1,2,2,2,2,2,2,2,2,2,2,2,2,2,0,0,0,0
225,1,21.16400000000021,112.8,98.054119,6.177876,1,1,1,1,1,1,1,1,1,0,0,0,0,2,2,1,2,2,2,2,2,2,2,2,2,2,2,2,2,0,0,0,0
231,1,21.66399999999976,105.4,94.458113,6.178099,1,1,1,1,1,1,1,1,1,0,0,0,0,2,2,1,2,2,2,2,2,2,2,2,2,2,2,2,2,0,0,0,0
234,1,21.98450000000048,112.8,98.060056,6.177864,1,1,1,1,1,1,1,1,1,0,0,0,0,2,2,1,2,2,2,2,2,2,2,2,2,2,2,2,2,0,0,0,0
239,1,22.48449999999957,105.3,94.446741,6.17807,1,1,1,1,1,1,1,1,1,0,0,0,0,2,2,1,2,2,2,2,2,2,2,2,2,2,2,2,2,0,0,0,0
243,1,22.80450000000019,112.8,98.04918600000001,6.177879,1,1,1,1,1,1,1,1,1,0,0,0,0,2,2,1,2,2,2,2,2,2,2,2,2,2,2,2,2,0,0,0,0
248,1,23.27349999999979,105.3,94.433331,6.178037,1,1,1,1,1,1,1,1,1,0,0,0,0,2,2,1,2,2,2,2,2,2,2,2,2,2,2,2,2,0,0,0,0
252,1,23.65650000000005,112.8,98.04604,6.177871,1,1,1,1,1,1,1,1,1,0,0,0,0,2,2,1,2,2,2,2,2,2,2,2,2,2,2,2,2,0,0,0,0
256,1,24.09349999999995,105.3,94.426725,6.178068,1,1,1,1,1,1,1,1,1,0,0,0,0,2,2,1,2,2,2,2,2,2,2,2,2,2,2,2,2,0,0,0,0
261,1,24.48450000000048,112.8,98.04269499999999,6.1778705,1,1,1,1,1,1,1,1,1,0,0,0,0,2,2,1,2,2,2,2,2,2,2,2,2,2,2,2,2,0,0,0,0
265,1,24.92949999999973,105.3,94.410597,6.1780425,1,1,1,1,1,1,1,1,1,0,0,0,0,2,2,1,2,2,2,2,2,2,2,2,2,2,2,2,2,0,0,0,0
269,1,25.29650000000038,112.8,98.04897699999999,6.1778415,1,1,1,1,1,1,1,1,1,0,0,0,0,2,2,1,2,2,2,2,2,2,2,2,2,2,2,2,2,0,0,0,0
274,1,25.73449999999957,107.45,94.386213,6.178082,1,1,1,1,1,1,1,1,1,0,0,0,0,2,2,1,2,2,2,2,2,2,2,2,2,2,2,2,2,0,0,0,0
278,1,26.09349999999995,112.8,98.050524,6.177880999999999,1,1,1,1,1,1,1,1,1,0,0,0,0,2,2,1,2,2,2,2,2,2,2,2,2,2,2,2,2,0,0,0,0
282,1,26.51549999999997,105.2,94.36797900000001,6.1780185,1,1,1,1,1,1,1,1,1,0,0,0,0,2,2,1,2,2,2,2,2,2,2,2,2,2,2,2,2,0,0,0,0
287,1,26.91400000000021,112.8,98.05240499999999,6.1778795,1,1,1,1,1,1,1,1,1,0,0,0,0,2,2,1,2,2,2,2,2,2,2,2,2,2,2,2,2,0,0,0,0
289,1,27.09400000000005,105.2,94.349886,6.178102,1,1,1,1,1,1,1,1,1,0,0,0,0,1,1,1,1,1,1,1,1,1,1,1,1,1,1,1,1,0,0,0,0
295,2,27.71900000000005,108.95,96.194744,6.178013,1,1,1,1,1,1,1,1,1,0,0,0,0,4,4,2,4,4,4,4,4,4,4,4,4,4,4,4,4,0,0,0,0
304,2,28.54299999999989,108.9,96.185671,6.17798,1,1,1,1,1,1,1,1,1,0,0,0,0,4,4,2,4,4,4,4,4,4,4,4,4,4,4,4,4,0,0,0,0
312,1,29.34349999999995,112.7,98.04883100000001,6.177852,1,1,1,1,1,1,1,1,1,0,0,0,0,2,2,1,2,2,2,2,2,2,2,2,2,2,2,2,2,0,0,0,0
313,1,29.3744999999999,105.1,94.300771,6.1781215,1,1,1,1,1,1,1,1,1,0,0,0,0,2,2,1,2,2,2,2,2,2,2,2,2,2,2,2,2,0,0,0,0
321,1,30.17150000000038,115.1,98.054119,6.1778575,1,1,1,1,1,1,1,1,1,0,0,0,0,2,2,1,2,2,2,2,2,2,2,2,2,2,2,2,2,0,0,0,0
322,1,30.19500000000016,105.1,94.285365,6.1781095,1,1,1,1,1,1,1,1,1,0,0,0,0,2,2,1,2,2,2,2,2,2,2,2,2,2,2,2,2,0,0,0,0
330,2,31.01549999999997,108.875,96.16566,6.1779885,1,1,1,1,1,1,1,1,1,0,0,0,0,4,4,2,4,4,4,4,4,4,4,4,4,4,4,4,4,0,0,0,0
339,2,31.85899999999992,108.9,96.1574865,6.1779855,1,1,1,1,1,1,1,1,1,0,0,0,0,4,4,2,4,4,4,4,4,4,4,4,4,4,4,4,4,0,0,0,0
348,2,32.67575000000011,108.9,96.14807949999999,6.17795475,1,1,1,1,1,1,1,1,1,0,0,0,0,4,4,2,4,4,4,4,4,4,4,4,4,4,4,4,4,0,0,0,0
357,2,33.5,108.875,96.136703,6.178008,1,1,1,1,1,1,1,1,1,0,0,0,0,4,4,2,4,4,4,4,4,4,4,4,4,4,4,4,4,0,0,0,0
365,2,34.28899999999976,108.85,96.12876449999999,6.17797625,1,1,1,1,1,1,1,1,1,0,0,0,0,4,4,2,4,4,4,4,4,4,4,4,4,4,4,4,4,0,0,0,0
374,2,35.10899999999992,108.8,96.11695349999999,6.17797375,1,1,1,1,1,1,1,1,1,0,0,0,0,4,4,2,4,4,4,4,4,4,4,4,4,4,4,4,4,0,0,0,0
383,2,35.93725000000018,108.75,96.108936,6.178019,1,1,1,1,1,1,1,1,1,0,0,0,0,4,4,2,4,4,4,4,4,4,4,4,4,4,4,4,4,0,0,0,0
391,2,36.73450000000003,108.75,96.10092499999999,6.1780005,1,1,1,1,1,1,1,1,1,0,0,0,0,4,4,2,4,4,4,4,4,4,4,4,4,4,4,4,4,0,0,0,0
400,2,37.54700000000003,108.75,96.09465850000001,6.1780415,1,1,1,1,1,1,1,1,1,0,0,0,0,4,4,2,4,4,4,4,4,4,4,4,4,4,4,4,4,0,0,0,0
408,1,38.34349999999995,112.7,98.06351600000001,6.1779415,1,1,1,1,1,1,1,1,1,0,0,0,0,2,2,1,2,2,2,2,2,2,2,2,2,2,2,2,2,0,0,0,0
409,1,38.3744999999999,104.8,94.10765600000001,6.178148999999999,1,1,1,1,1,1,1,1,1,0,0,0,0,2,2,1,2,2,2,2,2,2,2,2,2,2,2,2,2,0,0,0,0
416,1,39.03099999999995,104.7,94.08083600000001,6.178147,1,1,1,1,1,1,1,1,1,0,0,0,0,1,1,1,1,1,1,1,1,1,1,1,1,1,1,1,1,0,0,0,0
417,1,39.17150000000038,112.7,98.066934,6.177955,1,1,1,1,1,1,1,1,1,0,0,0,0,2,2,1,2,2,2,2,2,2,2,2,2,2,2,2,2,0,0,0,0
423,1,39.74199999999973,104.7,94.063046,6.1781025,1,1,1,1,1,1,1,1,1,0,0,0,0,2,2,1,2,2,2,2,2,2,2,2,2,2,2,2,2,0,0,0,0
426,1,39.99200000000064,112.7,98.06585699999999,6.177955,1,1,1,1,1,1,1,1,1,0,0,0,0,2,2,1,2,2,2,2,2,2,2,2,2,2,2,2,2,0,0,0,0
432,1,40.53899999999976,104.7,94.033404,6.178108,1,1,1,1,1,1,1,1,1,0,0,0,0,2,2,1,2,2,2,2,2,2,2,2,2,2,2,2,2,0,0,0,0
434,1,40.76550000000043,112.7,98.065178,6.177956500000001,1,1,1,1,1,1,1,1,1,0,0,0,0,2,2,1,2,2,2,2,2,2,2,2,2,2,2,2,2,0,0,0,0
441,1,41.35149999999976,104.7,94.01126600000001,6.178097,1,1,1,1,1,1,1,1,1,0,0,0,0,2,2,1,2,2,2,2,2,2,2,2,2,2,2,2,2,0,0,0,0
444,1,41.63250000000062,112.7,98.063338,6.177982500000001,1,1,1,1,1,1,1,1,1,0,0,0,0,2,2,1,2,2,2,2,2,2,2,2,2,2,2,2,2,0,0,0,0
449,1,42.17149999999947,104.65,93.99171,6.178113,1,1,1,1,1,1,1,1,1,0,0,0,0,2,2,1,2,2,2,2,2,2,2,2,2,2,2,2,2,0,0,0,0
452,1,42.42150000000038,112.7,98.069996,6.178017000000001,1,1,1,1,1,1,1,1,1,0,0,0,0,2,2,1,2,2,2,2,2,2,2,2,2,2,2,2,2,0,0,0,0
458,1,42.96849999999995,104.6,93.967607,6.178106,1,1,1,1,1,1,1,1,1,0,0,0,0,2,2,1,2,2,2,2,2,2,2,2,2,2,2,2,2,0,0,0,0
461,1,43.24950000000081,112.7,98.077313,6.178003,1,1,1,1,1,1,1,1,1,0,0,0,0,2,2,1,2,2,2,2,2,2,2,2,2,2,2,2,2,0,0,0,0
467,1,43.78150000000005,104.6,93.94681799999999,6.178101,1,1,1,1,1,1,1,1,1,0,0,0,0,2,2,1,2,2,2,2,2,2,2,2,2,2,2,2,2,0,0,0,0
470,1,44.07050000000027,112.7,98.082131,6.178046,1,1,1,1,1,1,1,1,1,0,0,0,0,2,2,1,2,2,2,2,2,2,2,2,2,2,2,2,2,0,0,0,0
475,1,44.60949999999957,104.6,93.918074,6.178157000000001,1,1,1,1,1,1,1,1,1,0,0,0,0,2,2,1,2,2,2,2,2,2,2,2,2,2,2,2,2,0,0,0,0
477,1,44.78099999999995,112.7,98.084002,6.178051,1,1,1,1,1,1,1,1,1,0,0,0,0,1,1,1,1,1,1,1,1,1,1,1,1,1,1,1,1,0,0,0,0
484,2,45.42149999999992,108.625,95.99498149999999,6.1780705,1,1,1,1,1,1,1,1,1,0,0,0,0,4,4,2,4,4,4,4,4,4,4,4,4,4,4,4,4,0,0,0,0
493,2,46.24950000000035,108.6,95.9991725,6.1780725,1,1,1,1,1,1,1,1,1,0,0,0,0,4,4,2,4,4,4,4,4,4,4,4,4,4,4,4,4,0,0,0,0
501,1,47.03899999999976,104.5,93.871865,6.178118,1,1,1,1,1,1,1,1,1,0,0,0,0,2,2,1,2,2,2,2,2,2,2,2,2,2,2,2,2,0,0,0,0
502,1,47.0625,112.7,98.09477800000001,6.1780375,1,1,1,1,1,1,1,1,1,0,0,0,0,2,2,1,2,2,2,2,2,2,2,2,2,2,2,2,2,0,0,0,0
510,2,47.85950000000003,108.6,95.97449499999999,6.17807675,1,1,1,1,1,1,1,1,1,0,0,0,0,4,4,2,4,4,4,4,4,4,4,4,4,4,4,4,4,0,0,0,0
519,2,48.67550000000006,108.55,95.9641,6.17806975,1,1,1,1,1,1,1,1,1,0,0,0,0,4,4,2,4,4,4,4,4,4,4,4,4,4,4,4,4,0,0,0,0
527,2,49.49950000000035,108.5,95.9507005,6.17805275,1,1,1,1,1,1,1,1,1,0,0,0,0,4,4,2,4,4,4,4,4,4,4,4,4,4,4,4,4,0,0,0,0
536,2,50.30450000000019,108.475,95.9441575,6.17804925,1,1,1,1,1,1,1,1,1,0,0,0,0,4,4,2,4,4,4,4,4,4,4,4,4,4,4,4,4,0,0,0,0
545,2,51.14049999999997,108.45,95.935289,6.17805275,1,1,1,1,1,1,1,1,1,0,0,0,0,4,4,2,4,4,4,4,4,4,4,4,4,4,4,4,4,0,0,0,0
553,1,51.92950000000019,115.05,98.104394,6.178042,1,1,1,1,1,1,1,1,1,0,0,0,0,2,2,1,2,2,2,2,2,2,2,2,2,2,2,2,2,0,0,0,0
554,1,51.9994999999999,104.2,93.754707,6.178037,1,1,1,1,1,1,1,1,1,0,0,0,0,2,2,1,2,2,2,2,2,2,2,2,2,2,2,2,2,0,0,0,0
563,2,52.80075000000011,108.45,95.91341750000001,6.17804075,1,1,1,1,1,1,1,1,1,0,0,0,0,4,4,2,4,4,4,4,4,4,4,4,4,4,4,4,4,0,0,0,0
571,1,53.60950000000048,112.7,98.080208,6.178053,1,1,1,1,1,1,1,1,1,0,0,0,0,2,2,1,2,2,2,2,2,2,2,2,2,2,2,2,2,0,0,0,0
572,1,53.64049999999952,104.2,93.746303,6.178154,1,1,1,1,1,1,1,1,1,0,0,0,0,2,2,1,2,2,2,2,2,2,2,2,2,2,2,2,2,0,0,0,0
580,1,54.42150000000038,112.7,98.08149400000001,6.178122999999999,1,1,1,1,1,1,1,1,1,0,0,0,0,2,2,1,2,2,2,2,2,2,2,2,2,2,2,2,2,0,0,0,0
581,1,54.53150000000005,104.2,93.70914500000001,6.17808,1,1,1,1,1,1,1,1,1,0,0,0,0,2,2,1,2,2,2,2,2,2,2,2,2,2,2,2,2,0,0,0,0
589,1,55.24950000000081,112.7,98.078023,6.178027,1,1,1,1,1,1,1,1,1,0,0,0,0,2,2,1,2,2,2,2,2,2,2,2,2,2,2,2,2,0,0,0,0
590,1,55.38249999999971,104.1,93.681792,6.1780495,1,1,1,1,1,1,1,1,1,0,0,0,0,2,2,1,2,2,2,2,2,2,2,2,2,2,2,2,2,0,0,0,0
598,1,56.09349999999995,112.7,98.060767,6.178046,1,1,1,1,1,1,1,1,1,0,0,0,0,2,2,1,2,2,2,2,2,2,2,2,2,2,2,2,2,0,0,0,0
599,1,56.20250000000033,106.2,93.689391,6.1780425,1,1,1,1,1,1,1,1,1,0,0,0,0,2,2,1,2,2,2,2,2,2,2,2,2,2,2,2,2,0,0,0,0
607,1,56.92150000000038,112.7,98.037814,6.1780665,1,1,1,1,1,1,1,1,1,0,0,0,0,2,2,1,2,2,2,2,2,2,2,2,2,2,2,2,2,0,0,0,0
608,1,57.09349999999995,104.1,93.66837099999999,6.178058,1,1,1,1,1,1,1,1,1,0,0,0,0,2,2,1,2,2,2,2,2,2,2,2,2,2,2,2,2,0,0,0,0
615,1,57.73450000000048,112.7,98.026107,6.1780355,1,1,1,1,1,1,1,1,1,0,0,0,0,2,2,1,2,2,2,2,2,2,2,2,2,2,2,2,2,0,0,0,0
617,1,57.90650000000005,104.05,93.66596699999999,6.178152,1,1,1,1,1,1,1,1,1,0,0,0,0,2,2,1,2,2,2,2,2,2,2,2,2,2,2,2,2,0,0,0,0
624,1,58.57050000000027,112.7,98.023954,6.1780335,1,1,1,1,1,1,1,1,1,0,0,0,0,2,2,1,2,2,2,2,2,2,2,2,2,2,2,2,2,0,0,0,0
626,1,58.73449999999957,104,93.653352,6.1780665,1,1,1,1,1,1,1,1,1,0,0,0,0,2,2,1,2,2,2,2,2,2,2,2,2,2,2,2,2,0,0,0,0
633,1,59.39049999999997,112.65,98.036852,6.17807,1,1,1,1,1,1,1,1,1,0,0,0,0,2,2,1,2,2,2,2,2,2,2,2,2,2,2,2,2,0,0,0,0
634,1,59.52349999999979,104,93.622894,6.17808,1,1,1,1,1,1,1,1,1,0,0,0,0,2,2,1,2,2,2,2,2,2,2,2,2,2,2,2,2,0,0,0,0
-1,0,0.,0.,0.,0.,0.,0.,0.,0.,0.,0.,0.,0.,0,0,0,0,0,0,0,0,0,0,0,0,0,0,0,0,0,0,0,0,0,0,0,0
Time  INTCLK  0  60  30  378  0  0  0xffffff  0  0  0  0  0  0  1  0  0  0  0  NONE  0  0  0  0  0  0  0  0  0  0  0  0  0  0  0  0  0  0  0  0  0  0  0  0  0  1  0  0  0  NONE  0  0  0  NONE  NONE  0  0  0  0  0  0  0  0  0  0  0xffffff
Temperature  TTi1705_RESISTANCE  104.87  116.03  0  391  0  0  0xffff  0  0  0  0  0  0  1  0  0  0  0  NONE  0  0  0  0  0  0  0  0  0  0  6  0  0  0  0  0  0  0  0  0  0  0  0  0  0  1  0  0  0  NONE  0  0  0  NONE  NONE  0  0  0  0  0  0  0  0  0  0  0xffff
Voltage  AG34401_RESIST  94.4249748  98.4896052  0  60  0  0  0xff00ff  0  0  0  0  0  0  1  0  0  0  0  NONE  0  0  0  0  0  0  0  0  0  0  22  0  0  0  0  0  0  0  0  0  0  0  0  0  0  1  0  0  0  NONE  0  0  0  NONE  NONE  0  0  0  0  0  0  0  0  0  0  0xff00ff
Current  E3631A_VOLT_P6  6.1777805  6.1782065  0  80  0  0  0xff  0  0  0  0  0  0  1  0  0  0  0  NONE  0  0  0  0  0  0  0  0  0  0  19  0  0  9600  8  0  2  0  0  0  0  0  0  0  0  1  0  0  0  NONE  0  0  0  NONE  NONE  0  0  0  0  0  0  0  0  0  0  0xff
NONE  NODEVICE  -3  3  0  463  0  0  0xffff00  0  0  0  0  0  0  1  0  0  0  0  NONE  0  0  0  0  0  0  0  0  0  0  0  0  0  0  0  0  0  0  0  0  0  0  0  0  0  1  0  0  0  NONE  0  0  0  NONE  NONE  0  0  0  0  0  0  0  0  0  0  0xffff00
NONE  NODEVICE  -6  6  0  463  0  0  0xff00  0  0  0  0  0  0  1  0  0  0  0  NONE  0  0  0  0  0  0  0  0  0  0  0  0  0  0  0  0  0  0  0  0  0  0  0  0  0  1  0  0  0  NONE  0  0  0  NONE  NONE  0  0  0  0  0  0  0  0  0  0  0xff00
NONE  NODEVICE  -12  12  0  463  0  0  0xffffff  0  0  0  0  0  0  1  0  0  0  0  NONE  0  0  0  0  0  0  0  0  0  0  0  0  0  0  0  0  0  0  0  0  0  0  0  0  0  1  0  0  0  NONE  0  0  0  NONE  NONE  0  0  0  0  0  0  0  0  0  0  0xffffff
NONE  NODEVICE  -1.5  1.5  0  463  0  0  0xff00ff  0  0  0  0  0  0  1  0  0  0  0  NONE  0  0  0  0  0  0  0  0  0  0  0  0  0  0  0  0  0  0  0  0  0  0  0  0  0  1  0  0  0  NONE  0  0  0  NONE  NONE  0  0  0  0  0  0  0  0  0  0  0xff00ff
NONE  NODEVICE  -2  2  0  463  0  0  0xffff  0  0  0  0  0  0  1  0  0  0  0  NONE  0  0  0  0  0  0  0  0  0  0  0  0  0  0  0  0  0  0  0  0  0  0  0  0  0  1  0  0  0  NONE  0  0  0  NONE  NONE  0  0  0  0  0  0  0  0  0  0  0xffff
NONE  NODEVICE  -3  3  0  463  0  0  0xff00  0  0  0  0  0  0  1  0  0  0  0  NONE  0  0  0  0  0  0  0  0  0  0  0  0  0  0  0  0  0  0  0  0  0  0  0  0  0  1  0  0  0  NONE  0  0  0  NONE  NONE  0  0  0  0  0  0  0  0  0  0  0xff00
NONE  NODEVICE  -0.05  0.05  0  463  0  0  0xff  0  0  0  0  0  0  1  0  0  0  0  NONE  0  0  0  0  0  0  0  0  0  0  0  0  0  0  0  0  0  0  0  0  0  0  0  0  0  1  0  0  0  NONE  0  0  0  NONE  NONE  0  0  0  0  0  0  0  0  0  0  0xff
NONE  NODEVICE  -0.05  0.05  0  463  0  0  0x8000  0  0  0  0  0  0  1  0  0  0  0  NONE  0  0  0  0  0  0  0  0  0  0  0  0  0  0  0  0  0  0  0  0  0  0  0  0  0  1  0  0  0  NONE  0  0  0  NONE  NONE  0  0  0  0  0  0  0  0  0  0  0x8000
NONE  NODEVICE  -0.05  0.05  0  463  0  0  0xffff00  0  0  0  0  0  0  1  0  0  0  0  NONE  0  0  0  0  0  0  0  0  0  0  0  0  0  0  0  0  0  0  0  0  0  0  0  0  0  1  0  0  0  NONE  0  0  0  NONE  NONE  0  0  0  0  0  0  0  0  0  0  0xffff00
NONE  CHANNEL_OUTPUT0  -1  1  0  422  0  0  0xf0caa6  0  0  0  0  0  0  1  0  0  0  0  NONE  0  0  0  0  0  0  0  0  0  0  0  18  0  0  0  0  0  0  0  0  0  0  0  0  0  1  0  0  0  NONE  0  0  0  NONE  NONE  0  0  0  0  0  0  0  0  0  0  0xf0caa6
NONE  CHANNEL_OUTPUT1  -0.5  0.5  0  423  0  0  0xc0dcc0  0  0  0  0  0  0  1  0  0  0  0  NONE  0  0  0  0  0  0  0  0  0  0  0  19  0  0  0  0  0  0  0  0  0  0  0  0  0  1  0  0  0  NONE  0  0  0  NONE  NONE  0  0  0  0  0  0  0  0  0  0  0xc0dcc0
NONE  CHANNEL_OUTPUT2  -2  2  0  424  0  0  0xff00  0  0  0  0  0  0  1  0  0  0  0  NONE  0  0  0  0  0  0  0  0  0  0  0  20  0  0  0  0  0  0  0  0  0  0  0  0  0  1  0  0  0  NONE  0  0  0  NONE  NONE  0  0  0  0  0  0  0  0  0  0  0xff00
NONE  NODEVICE  -0.5  0.5  0  463  0  0  0xffffff  0  0  0  0  0  0  1  0  0  0  0  NONE  0  0  0  0  0  0  0  0  0  0  0  0  0  0  0  0  0  0  0  0  0  0  0  0  0  1  0  0  0  NONE  0  0  0  NONE  NONE  0  0  0  0  0  0  0  0  0  0  0xffffff
NONE  NODEVICE  -0.5  0.5  0  463  0  0  0xffffff  0  0  0  0  0  0  1  0  0  0  0  NONE  0  0  0  0  0  0  0  0  0  0  0  0  0  0  0  0  0  0  0  0  0  0  0  0  0  1  0  0  0  NONE  0  0  0  NONE  NONE  0  0  0  0  0  0  0  0  0  0  0xffffff
NONE  NODEVICE  0  0  0  463  0  0  0xffffff  0  0  0  0  0  0  1  0  0  0  0  NONE  0  0  0  0  0  0  0  0  0  0  0  0  0  0  0  0  0  0  0  0  0  0  0  0  0  1  0  0  0  NONE  0  0  0  NONE  NONE  0  0  0  0  0  0  0  0  0  0  0xffffff
NONE  NODEVICE  0  0  0  463  0  0  0xffffff  0  0  0  0  0  0  1  0  0  0  0  NONE  0  0  0  0  0  0  0  0  0  0  0  0  0  0  0  0  0  0  0  0  0  0  0  0  0  1  0  0  0  NONE  0  0  0  NONE  NONE  0  0  0  0  0  0  0  0  0  0  0xffffff
NONE  NODEVICE  0  0  0  463  0  0  0xffffff  0  0  0  0  0  0  1  0  0  0  0  NONE  0  0  0  0  0  0  0  0  0  0  0  0  0  0  0  0  0  0  0  0  0  0  0  0  0  1  0  0  0  NONE  0  0  0  NONE  NONE  0  0  0  0  0  0  0  0  0  0  0xffffff
NONE  NODEVICE  0  0  0  463  0  0  0xffffff  0  0  0  0  0  0  1  0  0  0  0  NONE  0  0  0  0  0  0  0  0  0  0  0  0  0  0  0  0  0  0  0  0  0  0  0  0  0  1  0  0  0  NONE  0  0  0  NONE  NONE  0  0  0  0  0  0  0  0  0  0  0xffffff
NONE  NODEVICE  0  0  0  463  0  0  0xffffff  0  0  0  0  0  0  1  0  0  0  0  NONE  0  0  0  0  0  0  0  0  0  0  0  0  0  0  0  0  0  0  0  0  0  0  0  0  0  1  0  0  0  NONE  0  0  0  NONE  NONE  0  0  0  0  0  0  0  0  0  0  0xffffff
NONE  NODEVICE  0  0  0  463  0  0  0xffffff  0  0  0  0  0  0  1  0  0  0  0  NONE  0  0  0  0  0  0  0  0  0  0  0  0  0  0  0  0  0  0  0  0  0  0  0  0  0  1  0  0  0  NONE  0  0  0  NONE  NONE  0  0  0  0  0  0  0  0  0  0  0xffffff
NONE  NODEVICE  0  0  0  463  0  0  0xffffff  0  0  0  0  0  0  1  0  0  0  0  NONE  0  0  0  0  0  0  0  0  0  0  0  0  0  0  0  0  0  0  0  0  0  0  0  0  0  1  0  0  0  NONE  0  0  0  NONE  NONE  0  0  0  0  0  0  0  0  0  0  0xffffff
NONE  NODEVICE  0  0  0  463  0  0  0xffffff  0  0  0  0  0  0  1  0  0  0  0  NONE  0  0  0  0  0  0  0  0  0  0  0  0  0  0  0  0  0  0  0  0  0  0  0  0  0  1  0  0  0  NONE  0  0  0  NONE  NONE  0  0  0  0  0  0  0  0  0  0  0xffffff
NONE  NODEVICE  0  0  0  463  0  0  0xffffff  0  0  0  0  0  0  1  0  0  0  0  NONE  0  0  0  0  0  0  0  0  0  0  0  0  0  0  0  0  0  0  0  0  0  0  0  0  0  1  0  0  0  NONE  0  0  0  NONE  NONE  0  0  0  0  0  0  0  0  0  0  0xffffff
NONE  NODEVICE  0  0  0  463  0  0  0xffffff  0  0  0  0  0  0  1  0  0  0  0  NONE  0  0  0  0  0  0  0  0  0  0  0  0  0  0  0  0  0  0  0  0  0  0  0  0  0  1  0  0  0  NONE  0  0  0  NONE  NONE  0  0  0  0  0  0  0  0  0  0  0xffffff
NONE  NODEVICE  0  0  0  463  0  0  0xffffff  0  0  0  0  0  0  1  0  0  0  0  NONE  0  0  0  0  0  0  0  0  0  0  0  0  0  0  0  0  0  0  0  0  0  0  0  0  0  1  0  0  0  NONE  0  0  0  NONE  NONE  0  0  0  0  0  0  0  0  0  0  0xffffff
NONE  NODEVICE  0  0  0  463  0  0  0xffffff  0  0  0  0  0  0  1  0  0  0  0  NONE  0  0  0  0  0  0  0  0  0  0  0  0  0  0  0  0  0  0  0  0  0  0  0  0  0  1  0  0  0  NONE  0  0  0  NONE  NONE  0  0  0  0  0  0  0  0  0  0  0xffffff
NONE  NODEVICE  0  0  0  463  0  0  0xffffff  0  0  0  0  0  0  1  0  0  0  0  NONE  0  0  0  0  0  0  0  0  0  0  0  0  0  0  0  0  0  0  0  0  0  0  0  0  0  1  0  0  0  NONE  0  0  0  NONE  NONE  0  0  0  0  0  0  0  0  0  0  0xffffff
NONE  NODEVICE  0  0  0  463  0  0  0xffffff  0  0  0  0  0  0  1  0  0  0  0  NONE  0  0  0  0  0  0  0  0  0  0  0  0  0  0  0  0  0  0  0  0  0  0  0  0  0  1  0  0  0  NONE  0  0  0  NONE  NONE  0  0  0  0  0  0  0  0  0  0  0xffffff
NONE  NODEVICE  0  0  0  463  0  0  0xffffff  0  0  0  0  0  0  1  0  0  0  0  NONE  0  0  0  0  0  0  0  0  0  0  0  0  0  0  0  0  0  0  0  0  0  0  0  0  0  1  0  0  0  NONE  0  0  0  NONE  NONE  0  0  0  0  0  0  0  0  0  0  0xffffff
NONE  NODEVICE  -0.5  0.5  0  463  0  0  0xffffff  0  0  0  0  0  0  1  0  0  0  0  NONE  0  0  0  0  0  0  0  0  0  0  0  0  0  0  0  0  0  0  0  0  0  0  0  0  0  1  0  0  0  NONE  0  0  0  NONE  NONE  0  0  0  0  0  0  0  0  0  0  0xffffff
NONE  NODEVICE  0  1  0  463  0  0  0x0  0  0  0  0  0  0  1  0  0  0  0  NONE  0  0  0  0  0  0  0  0  0  0  0  0  0  0  0  0  0  0  0  0  0  0  0  0  0  1  0  0  0  NONE  0  0  0  NONE  NONE  0  0  0  0  0  0  0  0  0  0  0x0
NONE  NODEVICE  -0.5  0.5  0  463  0  0  0x0  0  0  0  0  0  0  1  0  0  0  0  NONE  0  0  0  0  0  0  0  0  0  0  0  0  0  0  0  0  0  0  0  0  0  0  0  0  0  1  0  0  0  NONE  0  0  0  NONE  NONE  0  0  0  0  0  0  0  0  0  0  0x0
NONE  NODEVICE  -0.5  0.5  0  463  0  0  0x0  0  0  0  0  0  0  1  0  0  0  0  NONE  0  0  0  0  0  0  0  0  0  0  0  0  0  0  0  0  0  0  0  0  0  0  0  0  0  1  0  0  0  NONE  0  0  0  NONE  NONE  0  0  0  0  0  0  0  0  0  0  0x0
NONE  NODEVICE  -0.5  0.5  0  463  0  0  0x0  0  0  0  0  0  0  1  0  0  0  0  NONE  0  0  0  0  0  0  0  0  0  0  0  0  0  0  0  0  0  0  0  0  0  0  0  0  0  1  0  0  0  NONE  0  0  0  NONE  NONE  0  0  0  0  0  0  0  0  0  0  0x0
NONE  NODEVICE  -0.5  0.5  0  463  0  0  0x0  0  0  0  0  0  0  1  0  0  0  0  NONE  0  0  0  0  0  0  0  0  0  0  0  0  0  0  0  0  0  0  0  0  0  0  0  0  0  1  0  0  0  NONE  0  0  0  NONE  NONE  0  0  0  0  0  0  0  0  0  0  0x0
NONE  NODEVICE  -0.5  0.5  0  463  0  0  0x0  0  0  0  0  0  0  1  0  0  0  0  NONE  0  0  0  0  0  0  0  0  0  0  0  0  0  0  0  0  0  0  0  0  0  0  0  0  0  1  0  0  0  NONE  0  0  0  NONE  NONE  0  0  0  0  0  0  0  0  0  0  0x0
NONE  NODEVICE  0  0  0  463  0  0  0x0  0  0  0  0  0  0  1  0  0  0  0  NONE  0  0  0  0  0  0  0  0  0  0  0  0  0  0  0  0  0  0  0  0  0  0  0  0  0  1  0  0  0  NONE  0  0  0  NONE  NONE  0  0  0  0  0  0  0  0  0  0  0x0
0   0   0   0   0   0   0   0   0   0   0   0   0   0   0   0   0   0   0   0   0   0   0   0   0   0   0   0   0   0   0   0   0   0
0   0   0   0   0   0   0   0   0   0   0   0   0   0   0   0   0   0   0   0   0   0   0   0   0   0   0   0   0   0   0   0   0   0
0   0   0   0   0   0   0   0   0   0   0   0   0   0   0   0   0   0   0   0   0   0   0   0   0   0   0   0   0   0   0   0   0   0
0   0   0   0   0   0   0   0   0   0   0   0   0   0   0   0   0   0   0   0   0   0   0   0   0   0   0   0   0   0   0   0   0   0
0   0   0   0   0   0   0   0   0   0   0   0   0   0   0   0   0   0   0   0   0   0   0   0   0   0   0   0   0   0   0   0   0   0
0   0   0   0   0   0   0   0   0   0   0   0   0   0   0   0   0   0   0   0   0   0   0   0   0   0   0   0   0   0   0   0   0   0
0   0   0   0   0   0   0   0   0   0   0   0   0   0   0   0   0   0   0   0   0   0   0   0   0   0   0   0   0   0   0   0   0   0
0   0   0   0   0   0   0   0   0   0   0   0   0   0   0   0   0   0   0   0   0   0   0   0   0   0   0   0   0   0   0   0   0   0
0   0   0   0   0   0   0   0   0   0   0   0   0   0   0   0   0   0   0   0   0   0   0   0   0   0   0   0   0   0   0   0   0   0
0   0   0   0   0   0   0   0   0   0   0   0   0   0   0   0   0   0   0   0   0   0   0   0   0   0   0   0   0   0   0   0   0   0
0   0   0   0   0   0   0   0   0   0   0   0   0   0   0   0   0   0   0   0   0   0   0   0   0   0   0   0   0   0   0   0   0   0
0   0   0   0   0   0   0   0   0   0   0   0   0   0   0   0   0   0   0   0   0   0   0   0   0   0   0   0   0   0   0   0   0   0
0   0   0   0   0   0   0   0   0   0   0   0   0   0   0   0   0   0   0   0   0   0   0   0   0   0   0   0   0   0   0   0   0   0
0   0   0   0   0   0   0   0   0   0   0   0   0   0   0   0   0   0   0   0   0   0   0   0   0   0   0   0   0   0   0   0   0   0
0   0   0   0   0   0   0   0   0   0   0   0   0   0   0   0   0   0   0   0   0   0   0   0   0   0   0   0   0   0   0   0   0   0
0   0   0   0   0   0   0   0   0   0   0   0   0   0   0   0   0   0   0   0   0   0   0   0   0   0   0   0   0   0   0   0   0   0
0   0   0   0   0   0   0   0   0   0   0   0   0   0   0   0   0   0   0   0   0   0   0   0   0   0   0   0   0   0   0   0   0   0
0   0   0   0   0   0   0   0   0   0   0   0   0   0   0   0   0   0   0   0   0   0   0   0   0   0   0   0   0   0   0   0   0   0
0   0   0   0   0   0   0   0   0   0   0   0   0   0   0   0   0   0   0   0   0   0   0   0   0   0   0   0   0   0   0   0   0   0
0   0   0   0   0   0   0   0   0   0   0   0   0   0   0   0   0   0   0   0   0   0   0   0   0   0   0   0   0   0   0   0   0   0
0   0   0   0   0   0   0   0   0   0   0   0   0   0   0   0   0   0   0   0   0   0   0   0   0   0   0   0   0   0   0   0   0   0
0   0   0   0   0   0   0   0   0   0   0   0   0   0   0   0   0   0   0   0   0   0   0   0   0   0   0   0   0   0   0   0   0   0
0   0   0   0   0   0   0   0   0   0   0   0   0   0   0   0   0   0   0   0   0   0   0   0   0   0   0   0   0   0   0   0   0   0
60   30   634   0x0   1   2   -1   -1   -1   0
0  0  1  0  1  0   0   1   0   1   0   60.15599999999995   60.17200000000048   60.18435806944035   0   0   200   0   0   0

NONE
0xffff  100  100  0  NONE
0xffff  115  100  0  NONE
0xffff  130  100  0  NONE
0xffff  145  100  0  NONE
0xffff  160  100  0  NONE
0xffff  175  100  0  NONE
0xffff  190  100  0  NONE
0xffff  205  100  0  NONE
0xffff  220  100  0  NONE
0xffff  235  100  0  NONE
30   60  0   0   0   0   0   0   0  1  NONE  0  0  0  1
0  0  0  0  0  0  0  0  0  0  0  0  0  0  0  0  0  0  0  0
0  0  0  0  0  0  0  0  0  0  0  0  0  0  0  0  0  0  0  0
0  0  0  0  0  0  0  0  0  0  0  0  0  0  0  0  0  0  0  0
0   5  0   0   0   0   0   0   0  1  NONE  0  0  1  1
0  0  0  0  0  0  0  1  1  1  0  0  0  0  0  0  0  0  0  0
0  0  0  0  0  0  0  0  0  0  0  0  0  0  0  0  0  0  0  0
0  0  0  0  0  0  0  0  0  0  0  0  0  0  0  0  0  0  0  0
0   10  0   0   0   0   0   0   0  1  NONE  0  0  0  1
0  0  0  0  0  0  0  1  1  1  0  0  0  0  0  0  0  0  0  0
0  0  0  0  0  0  0  0  0  0  0  0  0  0  0  0  0  0  0  0
0  0  0  0  0  0  0  0  0  0  0  0  0  0  0  0  0  0  0  0
0   20  0   0   0   0   0   0   0  1  NONE  0  0  0  1
0  0  0  0  0  0  0  1  1  1  0  0  0  0  0  0  0  0  0  0
0  0  0  0  0  0  0  0  0  0  0  0  0  0  0  0  0  0  0  0
0  0  0  0  0  0  0  0  0  0  0  0  0  0  0  0  0  0  0  0
0   6  0   0   0   0   0   0   0  1  NONE  0  0  0  0
0  0  0  0  0  0  0  0  0  0  0  0  0  0  0  0  0  0  0  0
0  0  0  0  0  0  0  0  0  0  0  0  0  0  0  0  0  0  0  0
0  0  0  0  0  0  0  0  0  0  0  0  0  0  0  0  0  0  0  0
0   12  0   0   0   0   0   0   0  1  NONE  0  0  0  0
0  0  0  0  0  0  0  0  0  0  0  0  0  0  0  0  0  0  0  0
0  0  0  0  0  0  0  0  0  0  0  0  0  0  0  0  0  0  0  0
0  0  0  0  0  0  0  0  0  0  0  0  0  0  0  0  0  0  0  0
0   24  0   0   0   0   0   0   0  1  NONE  0  0  0  0
0  0  0  0  0  0  0  0  0  0  0  0  0  0  0  0  0  0  0  0
0  0  0  0  0  0  0  0  0  0  0  0  0  0  0  0  0  0  0  0
0  0  0  0  0  0  0  0  0  0  0  0  0  0  0  0  0  0  0  0
0   3  0   0   0   0   0   0   0  1  NONE  0  0  0  0
0  0  0  0  0  0  0  0  0  0  0  0  0  0  0  0  0  0  0  0
0  0  0  0  0  0  0  0  0  0  0  0  0  0  0  0  0  0  0  0
0  0  0  0  0  0  0  0  0  0  0  0  0  0  0  0  0  0  0  0
0   4  0   0   0   0   0   0   0  1  NONE  0  0  0  0
0  0  0  0  0  0  0  0  0  0  0  0  0  0  0  0  0  0  0  0
0  0  0  0  0  0  0  0  0  0  0  0  0  0  0  0  0  0  0  0
0  0  0  0  0  0  0  0  0  0  0  0  0  0  0  0  0  0  0  0
0   6  0   0   0   0   0   0   0  1  NONE  0  0  0  0
0  0  0  0  0  0  0  0  0  0  0  0  0  0  0  0  0  0  0  0
0  0  0  0  0  0  0  0  0  0  0  0  0  0  0  0  0  0  0  0
0  0  0  0  0  0  0  0  0  0  0  0  0  0  0  0  0  0  0  0
0   0.1  0   0   0   0   0   0   0  1  NONE  0  0  0  0
0  0  0  0  0  0  0  0  0  0  0  0  0  0  0  0  0  0  0  0
0  0  0  0  0  0  0  0  0  0  0  0  0  0  0  0  0  0  0  0
0  0  0  0  0  0  0  0  0  0  0  0  0  0  0  0  0  0  0  0
0   0.1  0   0   0   0   0   0   0  1  NONE  0  0  0  0
0  0  0  0  0  0  0  0  0  0  0  0  0  0  0  0  0  0  0  0
0  0  0  0  0  0  0  0  0  0  0  0  0  0  0  0  0  0  0  0
0  0  0  0  0  0  0  0  0  0  0  0  0  0  0  0  0  0  0  0
0   0.1  0   0   0   0   0   0   0  1  NONE  0  0  0  0
0  0  0  0  0  0  0  0  0  0  0  0  0  0  0  0  0  0  0  0
0  0  0  0  0  0  0  0  0  0  0  0  0  0  0  0  0  0  0  0
0  0  0  0  0  0  0  0  0  0  0  0  0  0  0  0  0  0  0  0
0   2  0   0   0   0   0   0   0  1  NONE  0  0  0  0
0  0  0  0  0  0  0  0  0  0  0  0  0  0  0  0  0  0  0  0
0  0  0  0  0  0  0  0  0  0  0  0  0  0  0  0  0  0  0  0
0  0  0  0  0  0  0  0  0  0  0  0  0  0  0  0  0  0  0  0
0   1  0   0   0   0   0   0   0  1  NONE  0  0  0  0
0  0  0  0  0  0  0  0  0  0  0  0  0  0  0  0  0  0  0  0
0  0  0  0  0  0  0  0  0  0  0  0  0  0  0  0  0  0  0  0
0  0  0  0  0  0  0  0  0  0  0  0  0  0  0  0  0  0  0  0
0   4  0   0   0   0   0   0   0  1  NONE  0  0  0  0
0  0  0  0  0  0  0  0  0  0  0  0  0  0  0  0  0  0  0  0
0  0  0  0  0  0  0  0  0  0  0  0  0  0  0  0  0  0  0  0
0  0  0  0  0  0  0  0  0  0  0  0  0  0  0  0  0  0  0  0
0   1  0   0   0   0   0   0   0  1  NONE  0  0  0  0
0  0  0  0  0  0  0  0  0  0  0  0  0  0  0  0  0  0  0  0
0  0  0  0  0  0  0  0  0  0  0  0  0  0  0  0  0  0  0  0
0  0  0  0  0  0  0  0  0  0  0  0  0  0  0  0  0  0  0  0
0   1  0   0   0   0   0   0   0  1  NONE  0  0  0  0
0  0  0  0  0  0  0  0  0  0  0  0  0  0  0  0  0  0  0  0
0  0  0  0  0  0  0  0  0  0  0  0  0  0  0  0  0  0  0  0
0  0  0  0  0  0  0  0  0  0  0  0  0  0  0  0  0  0  0  0
0   10  0   0   0   0   0   0   0  1  NONE  0  0  0  0
0  0  0  0  0  0  0  0  0  0  0  0  0  0  0  0  0  0  0  0
0  0  0  0  0  0  0  0  0  0  0  0  0  0  0  0  0  0  0  0
0  0  0  0  0  0  0  0  0  0  0  0  0  0  0  0  0  0  0  0
0   10  0   0   0   0   0   0   0  1  NONE  0  0  0  0
0  0  0  0  0  0  0  0  0  0  0  0  0  0  0  0  0  0  0  0
0  0  0  0  0  0  0  0  0  0  0  0  0  0  0  0  0  0  0  0
0  0  0  0  0  0  0  0  0  0  0  0  0  0  0  0  0  0  0  0
0   10  0   0   0   0   0   0   0  1  NONE  0  0  0  0
0  0  0  0  0  0  0  0  0  0  0  0  0  0  0  0  0  0  0  0
0  0  0  0  0  0  0  0  0  0  0  0  0  0  0  0  0  0  0  0
0  0  0  0  0  0  0  0  0  0  0  0  0  0  0  0  0  0  0  0
0   10  0   0   0   0   0   0   0  1  NONE  0  0  0  0
0  0  0  0  0  0  0  0  0  0  0  0  0  0  0  0  0  0  0  0
0  0  0  0  0  0  0  0  0  0  0  0  0  0  0  0  0  0  0  0
0  0  0  0  0  0  0  0  0  0  0  0  0  0  0  0  0  0  0  0
0   10  0   0   0   0   0   0   0  1  NONE  0  0  0  0
0  0  0  0  0  0  0  0  0  0  0  0  0  0  0  0  0  0  0  0
0  0  0  0  0  0  0  0  0  0  0  0  0  0  0  0  0  0  0  0
0  0  0  0  0  0  0  0  0  0  0  0  0  0  0  0  0  0  0  0
0   10  0   0   0   0   0   0   0  1  NONE  0  0  0  0
0  0  0  0  0  0  0  0  0  0  0  0  0  0  0  0  0  0  0  0
0  0  0  0  0  0  0  0  0  0  0  0  0  0  0  0  0  0  0  0
0  0  0  0  0  0  0  0  0  0  0  0  0  0  0  0  0  0  0  0
0   10  0   0   0   0   0   0   0  1  NONE  0  0  0  0
0  0  0  0  0  0  0  0  0  0  0  0  0  0  0  0  0  0  0  0
0  0  0  0  0  0  0  0  0  0  0  0  0  0  0  0  0  0  0  0
0  0  0  0  0  0  0  0  0  0  0  0  0  0  0  0  0  0  0  0
0   10  0   0   0   0   0   0   0  1  NONE  0  0  0  0
0  0  0  0  0  0  0  0  0  0  0  0  0  0  0  0  0  0  0  0
0  0  0  0  0  0  0  0  0  0  0  0  0  0  0  0  0  0  0  0
0  0  0  0  0  0  0  0  0  0  0  0  0  0  0  0  0  0  0  0
0   10  0   0   0   0   0   0   0  1  NONE  0  0  0  0
0  0  0  0  0  0  0  0  0  0  0  0  0  0  0  0  0  0  0  0
0  0  0  0  0  0  0  0  0  0  0  0  0  0  0  0  0  0  0  0
0  0  0  0  0  0  0  0  0  0  0  0  0  0  0  0  0  0  0  0
0   10  0   0   0   0   0   0   0  1  NONE  0  0  0  0
0  0  0  0  0  0  0  0  0  0  0  0  0  0  0  0  0  0  0  0
0  0  0  0  0  0  0  0  0  0  0  0  0  0  0  0  0  0  0  0
0  0  0  0  0  0  0  0  0  0  0  0  0  0  0  0  0  0  0  0
0   10  0   0   0   0   0   0   0  1  NONE  0  0  0  0
0  0  0  0  0  0  0  0  0  0  0  0  0  0  0  0  0  0  0  0
0  0  0  0  0  0  0  0  0  0  0  0  0  0  0  0  0  0  0  0
0  0  0  0  0  0  0  0  0  0  0  0  0  0  0  0  0  0  0  0
0   10  0   0   0   0   0   0   0  1  NONE  0  0  0  0
0  0  0  0  0  0  0  0  0  0  0  0  0  0  0  0  0  0  0  0
0  0  0  0  0  0  0  0  0  0  0  0  0  0  0  0  0  0  0  0
0  0  0  0  0  0  0  0  0  0  0  0  0  0  0  0  0  0  0  0
0   10  0   0   0   0   0   0   0  1  NONE  0  0  0  0
0  0  0  0  0  0  0  0  0  0  0  0  0  0  0  0  0  0  0  0
0  0  0  0  0  0  0  0  0  0  0  0  0  0  0  0  0  0  0  0
0  0  0  0  0  0  0  0  0  0  0  0  0  0  0  0  0  0  0  0
0   10  0   0   0   0   0   0   0  1  NONE  0  0  0  0
0  0  0  0  0  0  0  0  0  0  0  0  0  0  0  0  0  0  0  0
0  0  0  0  0  0  0  0  0  0  0  0  0  0  0  0  0  0  0  0
0  0  0  0  0  0  0  0  0  0  0  0  0  0  0  0  0  0  0  0
0   10  0   0   0   0   0   0   0  1  NONE  0  0  0  0
0  0  0  0  0  0  0  0  0  0  0  0  0  0  0  0  0  0  0  0
0  0  0  0  0  0  0  0  0  0  0  0  0  0  0  0  0  0  0  0
0  0  0  0  0  0  0  0  0  0  0  0  0  0  0  0  0  0  0  0
0   10  0   0   0   0   0   0   0  1  NONE  0  0  0  0
0  0  0  0  0  0  0  0  0  0  0  0  0  0  0  0  0  0  0  0
0  0  0  0  0  0  0  0  0  0  0  0  0  0  0  0  0  0  0  0
0  0  0  0  0  0  0  0  0  0  0  0  0  0  0  0  0  0  0  0
0.5   1  0   0   0   0   0   0   0  1  NONE  0  0  0  0
0  0  0  0  0  0  0  0  0  0  0  0  0  0  0  0  0  0  0  0
0  0  0  0  0  0  0  0  0  0  0  0  0  0  0  0  0  0  0  0
0  0  0  0  0  0  0  0  0  0  0  0  0  0  0  0  0  0  0  0
0   1  0   0   0   0   0   0   0  1  NONE  0  0  0  0
0  0  0  0  0  0  0  0  0  0  0  0  0  0  0  0  0  0  0  0
0  0  0  0  0  0  0  0  0  0  0  0  0  0  0  0  0  0  0  0
0  0  0  0  0  0  0  0  0  0  0  0  0  0  0  0  0  0  0  0
0   1  0   0   0   0   0   0   0  1  NONE  0  0  0  0
0  0  0  0  0  0  0  0  0  0  0  0  0  0  0  0  0  0  0  0
0  0  0  0  0  0  0  0  0  0  0  0  0  0  0  0  0  0  0  0
0  0  0  0  0  0  0  0  0  0  0  0  0  0  0  0  0  0  0  0
0   1  0   0   0   0   0   0   0  1  NONE  0  0  0  0
0  0  0  0  0  0  0  0  0  0  0  0  0  0  0  0  0  0  0  0
0  0  0  0  0  0  0  0  0  0  0  0  0  0  0  0  0  0  0  0
0  0  0  0  0  0  0  0  0  0  0  0  0  0  0  0  0  0  0  0
0   1  0   0   0   0   0   0   0  1  NONE  0  0  0  0
0  0  0  0  0  0  0  0  0  0  0  0  0  0  0  0  0  0  0  0
0  0  0  0  0  0  0  0  0  0  0  0  0  0  0  0  0  0  0  0
0  0  0  0  0  0  0  0  0  0  0  0  0  0  0  0  0  0  0  0
0   1  0   0   0   0   0   0   0  1  NONE  0  0  0  0
0  0  0  0  0  0  0  0  0  0  0  0  0  0  0  0  0  0  0  0
0  0  0  0  0  0  0  0  0  0  0  0  0  0  0  0  0  0  0  0
0  0  0  0  0  0  0  0  0  0  0  0  0  0  0  0  0  0  0  0
0   10  0   0   0   0   0   0   0  1  NONE  0  0  0  0
0  0  0  0  0  0  0  0  0  0  0  0  0  0  0  0  0  0  0  0
0  0  0  0  0  0  0  0  0  0  0  0  0  0  0  0  0  0  0  0
0  0  0  0  0  0  0  0  0  0  0  0  0  0  0  0  0  0  0  0
1  0  1  0  0  485  15  296  560  0  0  5  1  0  0
-1  -1  -1  -1  630  60  170  485  0  0  60  0  0  0  0
60.15599999999995  16  16  0  0  0  0  0  1  485  15  400  560  0  0  0  485  555  15  435
0  0  0  0  0  0  0  0  0  0  0  0  0  0  1  0  0  0  0  0
485  15  400  600  0  0  0.2  10  1000  0  0  0  1  1  0  0  0  0  0  1800
NONE
NONE
NONE
NONE
NONE
NONE
NONE
NONE
NONE
NONE
0xffff  250  100  0  NONE
0xffff  265  100  0  NONE
0xffff  280  100  0  NONE
0xffff  295  100  0  NONE
0xffff  310  100  0  NONE
0xffff  325  100  0  NONE
0xffff  340  100  0  NONE
0xffff  355  100  0  NONE
0xffff  370  100  0  NONE
0xffff  385  100  0  NONE
0xffff  400  100  0  NONE
0xffff  415  100  0  NONE
0xffff  430  100  0  NONE
0xffff  445  100  0  NONE
0xffff  460  100  0  NONE
0xffff  475  100  0  NONE
0xffff  490  100  0  NONE
0xffff  505  100  0  NONE
0xffff  520  100  0  NONE
0xffff  535  100  0  NONE
customlists 29
0 NONE NONE NONE NONE NONE NONE NONE
1 NONE NONE NONE NONE NONE NONE NONE
2 NONE NONE NONE NONE NONE NONE NONE
3 NONE NONE NONE NONE NONE NONE NONE
4 NONE NONE NONE NONE NONE NONE NONE
5 NONE NONE NONE NONE NONE NONE NONE
6 NONE NONE NONE NONE NONE NONE NONE
7 NONE NONE NONE NONE NONE NONE NONE
8 NONE NONE NONE NONE NONE NONE NONE
9 NONE NONE NONE NONE NONE NONE NONE
10 NONE NONE NONE NONE NONE NONE NONE
11 NONE NONE NONE NONE NONE NONE NONE
12 NONE NONE NONE NONE NONE NONE NONE
13 NONE NONE NONE NONE NONE NONE NONE
14 NONE NONE NONE NONE NONE NONE NONE
15 NONE NONE NONE NONE NONE NONE NONE
16 NONE NONE NONE NONE NONE NONE NONE
17 NONE NONE NONE NONE NONE NONE NONE
18 NONE NONE NONE NONE NONE NONE NONE
19 NONE NONE NONE NONE NONE NONE NONE
20 NONE NONE NONE NONE NONE NONE NONE
21 NONE NONE NONE NONE NONE NONE NONE
22 NONE NONE NONE NONE NONE NONE NONE
23 NONE NONE NONE NONE NONE NONE NONE
24 NONE NONE NONE NONE NONE NONE NONE
25 NONE NONE NONE NONE NONE NONE NONE
26 NONE NONE NONE NONE NONE NONE NONE
27 NONE NONE NONE NONE NONE NONE NONE
28 NONE NONE NONE NONE NONE NONE NONE
-1,0,0,0
-1,0,0,0
-1,0,0,0
-1,0,0,0
-1,0,0,0
-1,0,0,0
-1,0,0,0
