17,4096,0,0,100,100,MegaDaq
sweeps.dat
3/15/2016-13:54:51

0,0,0,0,0,0,0,0,0,0,0,0,0,0,0,0,0,0,0,0,0,0,0,0,0,0,0,16711935,0,0,0,0,0,0,0,0,0,0,0,0,0,0,0,0,0,0,0,0,0,0,0,0,255,0,0,0,0,0,0,0,0,0,0,0,0,0,0,0,0
0,0,0,0,0,0,0,0,0,0,0,0,0,0,0,0,0,0,0,0,0,0,0,0,0,0,0,16711935,0,0,0,0,0,0,0,0,0,0,0,0,0,0,0,0,0,0,0,0,0,0,0,0,255,0,0,0,0,0,0,0,0,0,0,0,0,0,0,0,0
0,0,0,0,0,0,0,0,0,0,0,0,0,0,0,0,0,0,0,0,0,0,0,0,0,0,0,16711935,0,0,0,0,0,0,0,0,0,0,0,0,0,0,0,0,0,0,0,0,0,0,0,0,255,0,0,0,0,0,0,0,0,0,0,0,0,0,0,0,0
0,0,0,0,0,0,0,0,0,0,0,0,0,0,0,0,0,0,0,0,0,0,0,0,0,0,0,16711935,0,0,0,0,0,0,0,0,0,0,0,0,0,0,0,0,0,0,0,0,0,0,0,0,255,0,0,0,0,0,0,0,0,0,0,0,0,0,0,0,0
0,0,0,0,0,0,0,0,0,0,0,0,0,0,0,0,0,0,0,0,0,0,0,0,0,0,0,16711935,0,0,0,0,0,0,0,0,0,0,0,0,0,0,0,0,0,0,0,0,0,0,0,0,255,0,0,0,0,0,0,0,0,0,0,0,0,0,0,0,0
0,0,0,0,0,0,0,0,0,0,0,0,0,0,0,0,0,0,0,0,0,0,0,0,0,0,0,16711935,0,0,0,0,0,0,0,0,0,0,0,0,0,0,0,0,0,0,0,0,0,0,0,0,255,0,0,0,0,0,0,0,0,0,0,0,0,0,0,0,0
0,0,0,0,0,0,0,0,0,0,0,0,0,0,0,0,0,0,0,0,0,0,0,0,0,0,0,16711935,0,0,0,0,0,0,0,0,0,0,0,0,0,0,0,0,0,0,0,0,0,0,0,0,255,0,0,0,0,0,0,0,0,0,0,0,0,0,0,0,0
0,0,0,0,0,0,0,0,0,0,0,0,0,0,0,0,0,0,0,0,0,0,0,0,0,0,0,16711935,0,0,0,0,0,0,0,0,0,0,0,0,0,0,0,0,0,0,0,0,0,0,0,0,255,0,0,0,0,0,0,0,0,0,0,0,0,0,0,0,0
0,0,0,0,0,0,0,0,0,0,0,0,0,0,0,0,0,0,0,0,0,0,0,0,0,0,0,16711935,0,0,0,0,0,0,0,0,0,0,0,0,0,0,0,0,0,0,0,0,0,0,0,0,255,0,0,0,0,0,0,0,0,0,0,0,0,0,0,0,0
0,0,0,0,0,0,0,0,0,0,0,0,0,0,0,0,0,0,0,0,0,0,0,0,0,0,0,16711935,0,0,0,0,0,0,0,0,0,0,0,0,0,0,0,0,0,0,0,0,0,0,0,0,255,0,0,0,0,0,0,0,0,0,0,0,0,0,0,0,0
0,0,0,0,0,0,0,0,0,0,0,0,0,0,0,0,0,0,0,0,0,0,0,0,0,0,0,16711935,0,0,0,0,0,0,0,0,0,0,0,0,0,0,0,0,0,0,0,0,0,0,0,0,255,0,0,0,0,0,0,0,0,0,0,0,0,0,0,0,0
0,0,0,0,0,0,0,0,0,0,0,0,0,0,0,0,0,0,0,0,0,0,0,0,0,0,0,16711935,0,0,0,0,0,0,0,0,0,0,0,0,0,0,0,0,0,0,0,0,0,0,0,0,255,0,0,0,0,0,0,0,0,0,0,0,0,0,0,0,0
0,0,0,0,0,0,0,0,0,0,0,0,0,0,0,0,0,0,0,0,0,0,0,0,0,0,0,16711935,0,0,0,0,0,0,0,0,0,0,0,0,0,0,0,0,0,0,0,0,0,0,0,0,255,0,0,0,0,0,0,0,0,0,0,0,0,0,0,0,0
0,0,0,0,0,0,0,0,0,0,0,0,0,0,0,0,0,0,0,0,0,0,0,0,0,0,0,16711935,0,0,0,0,0,0,0,0,0,0,0,0,0,0,0,0,0,0,0,0,0,0,0,0,255,0,0,0,0,0,0,0,0,0,0,0,0,0,0,0,0
0,0,0,0,0,0,0,0,0,0,0,0,0,0,0,0,0,0,0,0,0,0,0,0,0,0,0,16711935,0,0,0,0,0,0,0,0,0,0,0,0,0,0,0,0,0,0,0,0,0,0,0,0,255,0,0,0,0,0,0,0,0,0,0,0,0,0,0,0,0
0,0,0,0,0,0,0,0,0,0,0,0,0,0,0,0,0,0,0,0,0,0,0,0,0,0,0,16711935,0,0,0,0,0,0,0,0,0,0,0,0,0,0,0,0,0,0,0,0,0,0,0,0,255,0,0,0,0,0,0,0,0,0,0,0,0,0,0,0,0
0,0,0,0,0,0,0,0,0,0,0,0,0,0,0,0,0,0,0,0,0,0,0,0,0,0,0,16711935,0,0,0,0,0,0,0,0,0,0,0,0,0,0,0,0,0,0,0,0,0,0,0,0,255,0,0,0,0,0,0,0,0,0,0,0,0,0,0,0,0
0,0,0,0,0,0,0,0,0,0,0,0,0,0,0,0,0,0,0,0,0,0,0,0,0,0,0,16711935,0,0,0,0,0,0,0,0,0,0,0,0,0,0,0,0,0,0,0,0,0,0,0,0,255,0,0,0,0,0,0,0,0,0,0,0,0,0,0,0,0
0,0,0,0,0,0,0,0,0,0,0,0,0,0,0,0,0,0,0,0,0,0,0,0,0,0,0,16711935,0,0,0,0,0,0,0,0,0,0,0,0,0,0,0,0,0,0,0,0,0,0,0,0,255,0,0,0,0,0,0,0,0,0,0,0,0,0,0,0,0
0,0,0,0,0,0,0,0,0,0,0,0,0,0,0,0,0,0,0,0,0,0,0,0,0,0,0,16711935,0,0,0,0,0,0,0,0,0,0,0,0,0,0,0,0,0,0,0,0,0,0,0,0,255,0,0,0,0,0,0,0,0,0,0,0,0,0,0,0,0
0,0,0,0,0,0,0,0,0,0,0,0,0,0,0,0,0,0,0,0,0,0,0,0,0,0,0,16711935,0,0,0,0,0,0,0,0,0,0,0,0,0,0,0,0,0,0,0,0,0,0,0,0,255,0,0,0,0,0,0,0,0,0,0,0,0,0,0,0,0
0,0,0,0,0,0,0,0,0,0,0,0,0,0,0,0,0,0,0,0,0,0,0,0,0,0,0,16711935,0,0,0,0,0,0,0,0,0,0,0,0,0,0,0,0,0,0,0,0,0,0,0,0,255,0,0,0,0,0,0,0,0,0,0,0,0,0,0,0,0
0,0,0,0,0,0,0,0,0,0,0,0,0,0,0,0,0,0,0,0,0,0,0,0,0,0,0,16711935,0,0,0,0,0,0,0,0,0,0,0,0,0,0,0,0,0,0,0,0,0,0,0,0,255,0,0,0,0,0,0,0,0,0,0,0,0,0,0,0,0
0,0,0,0,0,0,0,0,0,0,0,0,0,0,0,0,0,0,0,0,0,0,0,0,0,0,0,16711935,0,0,0,0,0,0,0,0,0,0,0,0,0,0,0,0,0,0,0,0,0,0,0,0,255,0,0,0,0,0,0,0,0,0,0,0,0,0,0,0,0
0,0,0,0,0,0,0,0,0,0,0,0,0,0,0,0,0,0,0,0,0,0,0,0,0,0,0,16711935,0,0,0,0,0,0,0,0,0,0,0,0,0,0,0,0,0,0,0,0,0,0,0,0,255,0,0,0,0,0,0,0,0,0,0,0,0,0,0,0,0
0,0,0,0,0,0,0,0,0,0,0,0,0,0,0,0,0,0,0,0,0,0,0,0,0,0,0,16711935,0,0,0,0,0,0,0,0,0,0,0,0,0,0,0,0,0,0,0,0,0,0,0,0,255,0,0,0,0,0,0,0,0,0,0,0,0,0,0,0,0
0,0,0,0,0,0,0,0,0,0,0,0,0,0,0,0,0,0,0,0,0,0,0,0,0,0,0,16711935,0,0,0,0,0,0,0,0,0,0,0,0,0,0,0,0,0,0,0,0,0,0,0,0,255,0,0,0,0,0,0,0,0,0,0,0,0,0,0,0,0
0,0,0,0,0,0,0,0,0,0,0,0,0,0,0,0,0,0,0,0,0,0,0,0,0,0,0,16711935,0,0,0,0,0,0,0,0,0,0,0,0,0,0,0,0,0,0,0,0,0,0,0,0,255,0,0,0,0,0,0,0,0,0,0,0,0,0,0,0,0
0,0,0,0,0,0,0,0,0,0,0,0,0,0,0,0,0,0,0,0,0,0,0,0,0,0,0,16711935,0,0,0,0,0,0,0,0,0,0,0,0,0,0,0,0,0,0,0,0,0,0,0,0,255,0,0,0,0,0,0,0,0,0,0,0,0,0,0,0,0
0,0,0,0,0,0,0,0,0,0,0,0,0,0,0,0,0,0,0,0,0,0,0,0,0,0,0,16711935,0,0,0,0,0,0,0,0,0,0,0,0,0,0,0,0,0,0,0,0,0,0,0,0,255,0,0,0,0,0,0,0,0,0,0,0,0,0,0,0,0
0,0,0,0,0,0,0,0,0,0,0,0,0,0,0,0,0,0,0,0,0,0,0,0,0,0,0,16711935,0,0,0,0,0,0,0,0,0,0,0,0,0,0,0,0,0,0,0,0,0,0,0,0,255,0,0,0,0,0,0,0,0,0,0,0,0,0,0,0,0
0,0,0,0,0,0,0,0,0,0,0,0,0,0,0,0,0,0,0,0,0,0,0,0,0,0,0,16711935,0,0,0,0,0,0,0,0,0,0,0,0,0,0,0,0,0,0,0,0,0,0,0,0,255,0,0,0,0,0,0,0,0,0,0,0,0,0,0,0,0
0,0,0,0,0,0,0,0,0,0,0,0,0,0,0,0,0,0,0,0,0,0,0,0,0,0,0,16711935,0,0,0,0,0,0,0,0,0,0,0,0,0,0,0,0,0,0,0,0,0,0,0,0,255,0,0,0,0,0,0,0,0,0,0,0,0,0,0,0,0
0,0,0,0,0,0,0,0,0,0,0,0,0,0,0,0,0,0,0,0,0,0,0,0,0,0,0,16711935,0,0,0,0,0,0,0,0,0,0,0,0,0,0,0,0,0,0,0,0,0,0,0,0,255,0,0,0,0,0,0,0,0,0,0,0,0,0,0,0,0
0,0,0,0,0,0,0,0,0,0,0,0,0,0,0,0,0,0,0,0,0,0,0,0,0,0,0,16711935,0,0,0,0,0,0,0,0,0,0,0,0,0,0,0,0,0,0,0,0,0,0,0,0,255,0,0,0,0,0,0,0,0,0,0,0,0,0,0,0,0
0,0,0,0,0,0,0,0,0,0,0,0,0,0,0,0,0,0,0,0,0,0,0,0,0,0,0,16711935,0,0,0,0,0,0,0,0,0,0,0,0,0,0,0,0,0,0,0,0,0,0,0,0,255,0,0,0,0,0,0,0,0,0,0,0,0,0,0,0,0
0,0,0,0,0,0,0,0,0,0,0,0,0,0,0,0,0,0,0,0,0,0,0,0,0,0,0,16711935,0,0,0,0,0,0,0,0,0,0,0,0,0,0,0,0,0,0,0,0,0,0,0,0,255,0,0,0,0,0,0,0,0,0,0,0,0,0,0,0,0
0,0,0,0,0,0,0,0,0,0,0,0,0,0,0,0,0,0,0,0,0,0,0,0,0,0,0,16711935,0,0,0,0,0,0,0,0,0,0,0,0,0,0,0,0,0,0,0,0,0,0,0,0,255,0,0,0,0,0,0,0,0,0,0,0,0,0,0,0,0
0,0,0,0,0,0,0,0,0,0,0,0,0,0,0,0,0,0,0,0,0,0,0,0,0,0,0,16711935,0,0,0,0,0,0,0,0,0,0,0,0,0,0,0,0,0,0,0,0,0,0,0,0,255,0,0,0,0,0,0,0,0,0,0,0,0,0,0,0,0
0,0,0,0,0,0,0,0,0,0,0,0,0,0,0,0,0,0,0,0,0,0,0,0,0,0,0,16711935,0,0,0,0,0,0,0,0,0,0,0,0,0,0,0,0,0,0,0,0,0,0,0,0,255,0,0,0,0,0,0,0,0,0,0,0,0,0,0,0,0
0,0,0,0,0,0,0,0,0,0,0,0,0,0,0,0,0,0,0,0,0,0,0,0,0,0,0,16711935,0,0,0,0,0,0,0,0,0,0,0,0,0,0,0,0,0,0,0,0,0,0,0,0,255,0,0,0,0,0,0,0,0,0,0,0,0,0,0,0,0
0,0,0,0,0,0,0,0,0,0,0,0,0,0,0,0,0,0,0,0,0,0,0,0,0,0,0,16711935,0,0,0,0,0,0,0,0,0,0,0,0,0,0,0,0,0,0,0,0,0,0,0,0,255,0,0,0,0,0,0,0,0,0,0,0,0,0,0,0,0
0,0,0,0,0,0,0,0,0,0,0,0,0,0,0,0,0,0,0,0,0,0,0,0,0,0,0,16711935,0,0,0,0,0,0,0,0,0,0,0,0,0,0,0,0,0,0,0,0,0,0,0,0,255,0,0,0,0,0,0,0,0,0,0,0,0,0,0,0,0
0,0,0,0,0,0,0,0,0,0,0,0,0,0,0,0,0,0,0,0,0,0,0,0,0,0,0,16711935,0,0,0,0,0,0,0,0,0,0,0,0,0,0,0,0,0,0,0,0,0,0,0,0,255,0,0,0,0,0,0,0,0,0,0,0,0,0,0,0,0
0,0,0,0,0,0,0,0,0,0,0,0,0,0,0,0,0,0,0,0,0,0,0,0,0,0,0,16711935,0,0,0,0,0,0,0,0,0,0,0,0,0,0,0,0,0,0,0,0,0,0,0,0,255,0,0,0,0,0,0,0,0,0,0,0,0,0,0,0,0
0,0,0,0,0,0,0,0,0,0,0,0,0,0,0,0,0,0,0,0,0,0,0,0,0,0,0,16711935,0,0,0,0,0,0,0,0,0,0,0,0,0,0,0,0,0,0,0,0,0,0,0,0,255,0,0,0,0,0,0,0,0,0,0,0,0,0,0,0,0
0,0,0,0,0,0,0,0,0,0,0,0,0,0,0,0,0,0,0,0,0,0,0,0,0,0,0,16711935,0,0,0,0,0,0,0,0,0,0,0,0,0,0,0,0,0,0,0,0,0,0,0,0,255,0,0,0,0,0,0,0,0,0,0,0,0,0,0,0,0
0,0,0,0,0,0,0,0,0,0,0,0,0,0,0,0,0,0,0,0,0,0,0,0,0,0,0,16711935,0,0,0,0,0,0,0,0,0,0,0,0,0,0,0,0,0,0,0,0,0,0,0,0,255,0,0,0,0,0,0,0,0,0,0,0,0,0,0,0,0
0,0,0,0,0,0,0,0,0,0,0,0,0,0,0,0,0,0,0,0,0,0,0,0,0,0,0,16711935,0,0,0,0,0,0,0,0,0,0,0,0,0,0,0,0,0,0,0,0,0,0,0,0,255,0,0,0,0,0,0,0,0,0,0,0,0,0,0,0,0
0,0,0,0,0,0,0,0,0,0,0,0,0,0,0,0,0,0,0,0,0,0,0,0,0,0,0,16711935,0,0,0,0,0,0,0,0,0,0,0,0,0,0,0,0,0,0,0,0,0,0,0,0,255,0,0,0,0,0,0,0,0,0,0,0,0,0,0,0,0
0,0,0,0,0,0,0,0,0,0,0,0,0,0,0,0,0,0,0,0,0,0,0,0,0,0,0,16711935,0,0,0,0,0,0,0,0,0,0,0,0,0,0,0,0,0,0,0,0,0,0,0,0,255,0,0,0,0,0,0,0,0,0,0,0,0,0,0,0,0
0,0,0,0,0,0,0,0,0,0,0,0,0,0,0,0,0,0,0,0,0,0,0,0,0,0,0,16711935,0,0,0,0,0,0,0,0,0,0,0,0,0,0,0,0,0,0,0,0,0,0,0,0,255,0,0,0,0,0,0,0,0,0,0,0,0,0,0,0,0
0,0,0,0,0,0,0,0,0,0,0,0,0,0,0,0,0,0,0,0,0,0,0,0,0,0,0,16711935,0,0,0,0,0,0,0,0,0,0,0,0,0,0,0,0,0,0,0,0,0,0,0,0,255,0,0,0,0,0,0,0,0,0,0,0,0,0,0,0,0
0,0,0,0,0,0,0,0,0,0,0,0,0,0,0,0,0,0,0,0,0,0,0,0,0,0,0,16711935,0,0,0,0,0,0,0,0,0,0,0,0,0,0,0,0,0,0,0,0,0,0,0,0,255,0,0,0,0,0,0,0,0,0,0,0,0,0,0,0,0
0,0,0,0,0,0,0,0,0,0,0,0,0,0,0,0,0,0,0,0,0,0,0,0,0,0,0,16711935,0,0,0,0,0,0,0,0,0,0,0,0,0,0,0,0,0,0,0,0,0,0,0,0,255,0,0,0,0,0,0,0,0,0,0,0,0,0,0,0,0
0,0,0,0,0,0,0,0,0,0,0,0,0,0,0,0,0,0,0,0,0,0,0,0,0,0,0,16711935,0,0,0,0,0,0,0,0,0,0,0,0,0,0,0,0,0,0,0,0,0,0,0,0,255,0,0,0,0,0,0,0,0,0,0,0,0,0,0,0,0
0,0,0,0,0,0,0,0,0,0,0,0,0,0,0,0,0,0,0,0,0,0,0,0,0,0,0,16711935,0,0,0,0,0,0,0,0,0,0,0,0,0,0,0,0,0,0,0,0,0,0,0,0,255,0,0,0,0,0,0,0,0,0,0,0,0,0,0,0,0
0,0,0,0,0,0,0,0,0,0,0,0,0,0,0,0,0,0,0,0,0,0,0,0,0,0,0,16711935,0,0,0,0,0,0,0,0,0,0,0,0,0,0,0,0,0,0,0,0,0,0,0,0,255,0,0,0,0,0,0,0,0,0,0,0,0,0,0,0,0
0,0,0,0,0,0,0,0,0,0,0,0,0,0,0,0,0,0,0,0,0,0,0,0,0,0,0,16711935,0,0,0,0,0,0,0,0,0,0,0,0,0,0,0,0,0,0,0,0,0,0,0,0,255,0,0,0,0,0,0,0,0,0,0,0,0,0,0,0,0
0,0,0,0,0,0,0,0,0,0,0,0,0,0,0,0,0,0,0,0,0,0,0,0,0,0,0,16711935,0,0,0,0,0,0,0,0,0,0,0,0,0,0,0,0,0,0,0,0,0,0,0,0,255,0,0,0,0,0,0,0,0,0,0,0,0,0,0,0,0
0,0,0,0,0,0,0,0,0,0,0,0,0,0,0,0,0,0,0,0,0,0,0,0,0,0,0,16711935,0,0,0,0,0,0,0,0,0,0,0,0,0,0,0,0,0,0,0,0,0,0,0,0,255,0,0,0,0,0,0,0,0,0,0,0,0,0,0,0,0
0,0,0,0,0,0,0,0,0,0,0,0,0,0,0,0,0,0,0,0,0,0,0,0,0,0,0,16711935,0,0,0,0,0,0,0,0,0,0,0,0,0,0,0,0,0,0,0,0,0,0,0,0,255,0,0,0,0,0,0,0,0,0,0,0,0,0,0,0,0
0,0,0,0,0,0,0,0,0,0,0,0,0,0,0,0,0,0,0,0,0,0,0,0,0,0,0,16711935,0,0,0,0,0,0,0,0,0,0,0,0,0,0,0,0,0,0,0,0,0,0,0,0,255,0,0,0,0,0,0,0,0,0,0,0,0,0,0,0,0
0,0,0,0,0,0,0,0,0,0,0,0,0,0,0,0,0,0,0,0,0,0,0,0,0,0,0,16711935,0,0,0,0,0,0,0,0,0,0,0,0,0,0,0,0,0,0,0,0,0,0,0,0,255,0,0,0,0,0,0,0,0,0,0,0,0,0,0,0,0
0,0,0,0,0,0,0,0,0,0,0,0,0,0,0,0,0,0,0,0,0,0,0,0,0,0,0,16711935,0,0,0,0,0,0,0,0,0,0,0,0,0,0,0,0,0,0,0,0,0,0,0,0,255,0,0,0,0,0,0,0,0,0,0,0,0,0,0,0,0
0,0,0,0,0,0,0,0,0,0,0,0,0,0,0,0,0,0,0,0,0,0,0,0,0,0,0,16711935,0,0,0,0,0,0,0,0,0,0,0,0,0,0,0,0,0,0,0,0,0,0,0,0,255,0,0,0,0,0,0,0,0,0,0,0,0,0,0,0,0
0,0,0,0,0,0,0,0,0,0,0,0,0,0,0,0,0,0,0,0,0,0,0,0,0,0,0,16711935,0,0,0,0,0,0,0,0,0,0,0,0,0,0,0,0,0,0,0,0,0,0,0,0,255,0,0,0,0,0,0,0,0,0,0,0,0,0,0,0,0
0,0,0,0,0,0,0,0,0,0,0,0,0,0,0,0,0,0,0,0,0,0,0,0,0,0,0,16711935,0,0,0,0,0,0,0,0,0,0,0,0,0,0,0,0,0,0,0,0,0,0,0,0,255,0,0,0,0,0,0,0,0,0,0,0,0,0,0,0,0
0,0,0,0,0,0,0,0,0,0,0,0,0,0,0,0,0,0,0,0,0,0,0,0,0,0,0,16711935,0,0,0,0,0,0,0,0,0,0,0,0,0,0,0,0,0,0,0,0,0,0,0,0,255,0,0,0,0,0,0,0,0,0,0,0,0,0,0,0,0
0,0,0,0,0,0,0,0,0,0,0,0,0,0,0,0,0,0,0,0,0,0,0,0,0,0,0,16711935,0,0,0,0,0,0,0,0,0,0,0,0,0,0,0,0,0,0,0,0,0,0,0,0,255,0,0,0,0,0,0,0,0,0,0,0,0,0,0,0,0
0,0,0,0,0,0,0,0,0,0,0,0,0,0,0,0,0,0,0,0,0,0,0,0,0,0,0,16711935,0,0,0,0,0,0,0,0,0,0,0,0,0,0,0,0,0,0,0,0,0,0,0,0,255,0,0,0,0,0,0,0,0,0,0,0,0,0,0,0,0
0,0,0,0,0,0,0,0,0,0,0,0,0,0,0,0,0,0,0,0,0,0,0,0,0,0,0,16711935,0,0,0,0,0,0,0,0,0,0,0,0,0,0,0,0,0,0,0,0,0,0,0,0,255,0,0,0,0,0,0,0,0,0,0,0,0,0,0,0,0
0,0,0,0,0,0,0,0,0,0,0,0,0,0,0,0,0,0,0,0,0,0,0,0,0,0,0,16711935,0,0,0,0,0,0,0,0,0,0,0,0,0,0,0,0,0,0,0,0,0,0,0,0,255,0,0,0,0,0,0,0,0,0,0,0,0,0,0,0,0
0,0,0,0,0,0,0,0,0,0,0,0,0,0,0,0,0,0,0,0,0,0,0,0,0,0,0,16711935,0,0,0,0,0,0,0,0,0,0,0,0,0,0,0,0,0,0,0,0,0,0,0,0,255,0,0,0,0,0,0,0,0,0,0,0,0,0,0,0,0
0,0,0,0,0,0,0,0,0,0,0,0,0,0,0,0,0,0,0,0,0,0,0,0,0,0,0,16711935,0,0,0,0,0,0,0,0,0,0,0,0,0,0,0,0,0,0,0,0,0,0,0,0,255,0,0,0,0,0,0,0,0,0,0,0,0,0,0,0,0
0,0,0,0,0,0,0,0,0,0,0,0,0,0,0,0,0,0,0,0,0,0,0,0,0,0,0,16711935,0,0,0,0,0,0,0,0,0,0,0,0,0,0,0,0,0,0,0,0,0,0,0,0,255,0,0,0,0,0,0,0,0,0,0,0,0,0,0,0,0
0,0,0,0,0,0,0,0,0,0,0,0,0,0,0,0,0,0,0,0,0,0,0,0,0,0,0,16711935,0,0,0,0,0,0,0,0,0,0,0,0,0,0,0,0,0,0,0,0,0,0,0,0,255,0,0,0,0,0,0,0,0,0,0,0,0,0,0,0,0
0,0,0,0,0,0,0,0,0,0,0,0,0,0,0,0,0,0,0,0,0,0,0,0,0,0,0,16711935,0,0,0,0,0,0,0,0,0,0,0,0,0,0,0,0,0,0,0,0,0,0,0,0,255,0,0,0,0,0,0,0,0,0,0,0,0,0,0,0,0
0,0,0,0,0,0,0,0,0,0,0,0,0,0,0,0,0,0,0,0,0,0,0,0,0,0,0,16711935,0,0,0,0,0,0,0,0,0,0,0,0,0,0,0,0,0,0,0,0,0,0,0,0,255,0,0,0,0,0,0,0,0,0,0,0,0,0,0,0,0
0,0,0,0,0,0,0,0,0,0,0,0,0,0,0,0,0,0,0,0,0,0,0,0,0,0,0,16711935,0,0,0,0,0,0,0,0,0,0,0,0,0,0,0,0,0,0,0,0,0,0,0,0,255,0,0,0,0,0,0,0,0,0,0,0,0,0,0,0,0
0,0,0,0,0,0,0,0,0,0,0,0,0,0,0,0,0,0,0,0,0,0,0,0,0,0,0,16711935,0,0,0,0,0,0,0,0,0,0,0,0,0,0,0,0,0,0,0,0,0,0,0,0,255,0,0,0,0,0,0,0,0,0,0,0,0,0,0,0,0
0,0,0,0,0,0,0,0,0,0,0,0,0,0,0,0,0,0,0,0,0,0,0,0,0,0,0,16711935,0,0,0,0,0,0,0,0,0,0,0,0,0,0,0,0,0,0,0,0,0,0,0,0,255,0,0,0,0,0,0,0,0,0,0,0,0,0,0,0,0
0,0,0,0,0,0,0,0,0,0,0,0,0,0,0,0,0,0,0,0,0,0,0,0,0,0,0,16711935,0,0,0,0,0,0,0,0,0,0,0,0,0,0,0,0,0,0,0,0,0,0,0,0,255,0,0,0,0,0,0,0,0,0,0,0,0,0,0,0,0

0,1,0.01500000000007451,23.25,1,1,1,1,1,1,1,1,1,1,1,0,0,0,0,1,1,1,1,1,1,1,1,1,1,1,1,1,1,1,1,0,0,0,0
7,1,0.1720000000000745,23.25,1,1,1,1,1,1,1,1,1,1,1,0.01569999999999254,0,0,0,1,1,1,1,1,1,1,1,1,1,1,1,1,1,1,1,0,0,0,0
16,1,0.4060000000000745,23.25,1,1,1,1,1,1,1,1,1,1,1,0.03910000000000764,0,0,0,1,1,1,1,1,1,1,1,1,1,1,1,1,1,1,1,0,0,0,0
28,1,0.6870000000000746,23.25,1,1,1,1,1,1,1,1,1,1,1,0.06720000000000255,0,0,0,1,1,1,1,1,1,1,1,1,1,1,1,1,1,1,1,0,0,0,0
39,1,0.9530000000000746,23.25,1,1,1,1,1,1,1,1,1,1,1,0.09379999999998745,0,0,0,1,1,1,1,1,1,1,1,1,1,1,1,1,1,1,1,0,0,0,0
50,1,1.234000000000075,23.25,1,1,1,1,1,1,1,1,1,1,1,0.1219000000000051,0,0,0,1,1,1,1,1,1,1,1,1,1,1,1,1,1,1,1,0,0,0,0
60,1,1.484000000000075,23.25,1,1,1,1,1,1,1,1,1,1,1,0.1469000000000051,0,0,0,1,1,1,1,1,1,1,1,1,1,1,1,1,1,1,1,0,0,0,0
72,1,1.781000000000075,23.25,1,1,1,1,1,1,1,1,1,1,1,0.1766000000000076,0,0,0,1,1,1,1,1,1,1,1,1,1,1,1,1,1,1,1,0,0,0,0
83,1,2.031000000000074,23.25,1,1,1,1,1,1,1,1,1,1,1,0.2016000000000076,0,0,0,1,1,1,1,1,1,1,1,1,1,1,1,1,1,1,1,0,0,0,0
95,1,2.328000000000074,23.25,1,1,1,1,1,1,1,1,1,1,1,0.2297000000000025,0,0,0,1,1,1,1,1,1,1,1,1,1,1,1,1,1,1,1,0,0,0,0
105,1,2.578000000000074,23.25,1,1,1,1,1,1,1,1,1,1,1,0.2562999999999874,0,0,0,1,1,1,1,1,1,1,1,1,1,1,1,1,1,1,1,0,0,0,0
117,1,2.859000000000075,23.25,1,1,1,1,1,1,1,1,1,1,1,0.2844000000000051,0,0,0,1,1,1,1,1,1,1,1,1,1,1,1,1,1,1,1,0,0,0,0
128,1,3.125000000000075,23.25,1,1,1,1,1,1,1,1,1,1,1,0.31099999999999,0,0,0,1,1,1,1,1,1,1,1,1,1,1,1,1,1,1,1,0,0,0,0
139,1,3.406000000000074,23.25,1,1,1,1,1,1,1,1,1,1,1,0.3375,0,0,0,1,1,1,1,1,1,1,1,1,1,1,1,1,1,1,1,0,0,0,0
150,1,3.672000000000074,23.25,1,1,1,1,1,1,1,1,1,1,1,0.3656999999999925,0,0,0,1,1,1,1,1,1,1,1,1,1,1,1,1,1,1,1,0,0,0,0
161,1,3.937000000000074,23.25,1,1,1,1,1,1,1,1,1,1,1,0.3922000000000025,0,0,0,1,1,1,1,1,1,1,1,1,1,1,1,1,1,1,1,0,0,0,0
172,1,4.218000000000075,23.25,1,1,1,1,1,1,1,1,1,1,1,0.4202999999999975,0,0,0,1,1,1,1,1,1,1,1,1,1,1,1,1,1,1,1,0,0,0,0
183,1,4.484000000000075,23.25,1,1,1,1,1,1,1,1,1,1,1,0.4469000000000051,0,0,0,1,1,1,1,1,1,1,1,1,1,1,1,1,1,1,1,0,0,0,0
194,1,4.750000000000075,23.25,1,1,1,1,1,1,1,1,1,1,1,0.47349999999999,0,0,0,1,1,1,1,1,1,1,1,1,1,1,1,1,1,1,1,0,0,0,0
205,1,5.015000000000074,23.25,1,1,1,1,1,1,1,1,1,1,1,0.5,0,0,0,1,1,1,1,1,1,1,1,1,1,1,1,1,1,1,1,0,0,0,0
216,1,5.297000000000074,23.25,1,1,1,1,1,1,1,1,1,1,1,0.5281999999999926,0,0,0,1,1,1,1,1,1,1,1,1,1,1,1,1,1,1,1,0,0,0,0
227,1,5.562000000000075,23.25,1,1,1,1,1,1,1,1,1,1,1,0.5547000000000025,0,0,0,1,1,1,1,1,1,1,1,1,1,1,1,1,1,1,1,0,0,0,0
238,1,5.828000000000075,23.25,1,1,1,1,1,1,1,1,1,1,1,0.5812999999999875,0,0,0,1,1,1,1,1,1,1,1,1,1,1,1,1,1,1,1,0,0,0,0
249,1,6.093000000000075,23.25,1,1,1,1,1,1,1,1,1,1,1,0.6077999999999975,0,0,0,1,1,1,1,1,1,1,1,1,1,1,1,1,1,1,1,0,0,0,0
261,1,6.375000000000075,23.25,1,1,1,1,1,1,1,1,1,1,1,0.63599999999999,0,0,0,1,1,1,1,1,1,1,1,1,1,1,1,1,1,1,1,0,0,0,0
271,1,6.640000000000074,23.25,1,1,1,1,1,1,1,1,1,1,1,0.6625,0,0,0,1,1,1,1,1,1,1,1,1,1,1,1,1,1,1,1,0,0,0,0
282,1,6.906000000000074,23.24,1,1,1,1,1,1,1,1,1,1,1,0.6891000000000076,0,0,0,1,1,1,1,1,1,1,1,1,1,1,1,1,1,1,1,0,0,0,0
294,1,7.187000000000075,23.24,1,1,1,1,1,1,1,1,1,1,1,0.7172000000000025,0,0,0,1,1,1,1,1,1,1,1,1,1,1,1,1,1,1,1,0,0,0,0
305,1,7.453000000000075,23.25,1,1,1,1,1,1,1,1,1,1,1,0.7437999999999875,0,0,0,1,1,1,1,1,1,1,1,1,1,1,1,1,1,1,1,0,0,0,0
316,1,7.718000000000075,23.25,1,1,1,1,1,1,1,1,1,1,1,0.7702999999999974,0,0,0,1,1,1,1,1,1,1,1,1,1,1,1,1,1,1,1,0,0,0,0
327,1,7.984000000000075,23.25,1,1,1,1,1,1,1,1,1,1,1,0.796900000000005,0,0,0,1,1,1,1,1,1,1,1,1,1,1,1,1,1,1,1,0,0,0,0
339,1,8.281000000000075,23.25,1,1,1,1,1,1,1,1,1,1,1,0.8266000000000077,0,0,0,1,1,1,1,1,1,1,1,1,1,1,1,1,1,1,1,0,0,0,0
350,1,8.547000000000075,23.25,1,1,1,1,1,1,1,1,1,1,1,0.8531999999999925,0,0,0,1,1,1,1,1,1,1,1,1,1,1,1,1,1,1,1,0,0,0,0
360,1,8.812000000000074,23.24,1,1,1,1,1,1,1,1,1,1,1,0.8797000000000026,0,0,0,1,1,1,1,1,1,1,1,1,1,1,1,1,1,1,1,0,0,0,0
371,1,9.078000000000074,23.25,1,1,1,1,1,1,1,1,1,1,1,0.9062999999999874,0,0,0,1,1,1,1,1,1,1,1,1,1,1,1,1,1,1,1,0,0,0,0
383,1,9.359000000000075,23.25,1,1,1,1,1,1,1,1,1,1,1,0.9344000000000051,0,0,0,1,1,1,1,1,1,1,1,1,1,1,1,1,1,1,1,0,0,0,0
394,1,9.625000000000075,23.25,1,1,1,1,1,1,1,1,1,1,1,0.96099999999999,0,0,0,1,1,1,1,1,1,1,1,1,1,1,1,1,1,1,1,0,0,0,0
405,1,9.890000000000075,23.25,1,1,1,1,1,1,1,1,1,1,1,0.9875,0,0,0,1,1,1,1,1,1,1,1,1,1,1,1,1,1,1,1,0,0,0,0
417,1,10.18700000000007,23.25,1,1,1,1,1,1,1,1,1,1,1,1.015699999999992,0,0,0,1,1,1,1,1,1,1,1,1,1,1,1,1,1,1,1,0,0,0,0
427,1,10.43700000000007,23.24,1,1,1,1,1,1,1,1,1,1,1,0.975,0,0,0,1,1,1,1,1,1,1,1,1,1,1,1,1,1,1,1,0,0,0,0
439,1,10.71800000000007,23.24,1,1,1,1,1,1,1,1,1,1,1,0.9469000000000051,0,0,0,1,1,1,1,1,1,1,1,1,1,1,1,1,1,1,1,0,0,0,0
449,1,10.98400000000007,23.25,1,1,1,1,1,1,1,1,1,1,1,0.9202999999999975,0,0,0,1,1,1,1,1,1,1,1,1,1,1,1,1,1,1,1,0,0,0,0
460,1,11.25000000000007,23.25,1,1,1,1,1,1,1,1,1,1,1,0.8937000000000126,0,0,0,1,1,1,1,1,1,1,1,1,1,1,1,1,1,1,1,0,0,0,0
472,1,11.53100000000008,23.24,1,1,1,1,1,1,1,1,1,1,1,0.8655999999999949,0,0,0,1,1,1,1,1,1,1,1,1,1,1,1,1,1,1,1,0,0,0,0
483,1,11.79700000000008,23.24,1,1,1,1,1,1,1,1,1,1,1,0.83900000000001,0,0,0,1,1,1,1,1,1,1,1,1,1,1,1,1,1,1,1,0,0,0,0
494,1,12.06200000000007,23.25,1,1,1,1,1,1,1,1,1,1,1,0.8125,0,0,0,1,1,1,1,1,1,1,1,1,1,1,1,1,1,1,1,0,0,0,0
505,1,12.34300000000007,23.24,1,1,1,1,1,1,1,1,1,1,1,0.7844000000000051,0,0,0,1,1,1,1,1,1,1,1,1,1,1,1,1,1,1,1,0,0,0,0
516,1,12.60900000000007,23.24,1,1,1,1,1,1,1,1,1,1,1,0.7577999999999975,0,0,0,1,1,1,1,1,1,1,1,1,1,1,1,1,1,1,1,0,0,0,0
527,1,12.87500000000007,23.25,1,1,1,1,1,1,1,1,1,1,1,0.7312000000000125,0,0,0,1,1,1,1,1,1,1,1,1,1,1,1,1,1,1,1,0,0,0,0
538,1,13.14000000000008,23.24,1,1,1,1,1,1,1,1,1,1,1,0.7047000000000025,0,0,0,1,1,1,1,1,1,1,1,1,1,1,1,1,1,1,1,0,0,0,0
549,1,13.42200000000008,23.24,1,1,1,1,1,1,1,1,1,1,1,0.67650000000001,0,0,0,1,1,1,1,1,1,1,1,1,1,1,1,1,1,1,1,0,0,0,0
560,1,13.68700000000007,23.25,1,1,1,1,1,1,1,1,1,1,1,0.65,0,0,0,1,1,1,1,1,1,1,1,1,1,1,1,1,1,1,1,0,0,0,0
571,1,13.95300000000007,23.24,1,1,1,1,1,1,1,1,1,1,1,0.6234000000000151,0,0,0,1,1,1,1,1,1,1,1,1,1,1,1,1,1,1,1,0,0,0,0
582,1,14.21800000000007,23.24,1,1,1,1,1,1,1,1,1,1,1,0.5969000000000051,0,0,0,1,1,1,1,1,1,1,1,1,1,1,1,1,1,1,1,0,0,0,0
593,1,14.50000000000007,23.25,1,1,1,1,1,1,1,1,1,1,1,0.5687000000000125,0,0,0,1,1,1,1,1,1,1,1,1,1,1,1,1,1,1,1,0,0,0,0
604,1,14.76500000000008,23.24,1,1,1,1,1,1,1,1,1,1,1,0.5422000000000026,0,0,0,1,1,1,1,1,1,1,1,1,1,1,1,1,1,1,1,0,0,0,0
615,1,15.03100000000008,23.25,1,1,1,1,1,1,1,1,1,1,1,0.515599999999995,0,0,0,1,1,1,1,1,1,1,1,1,1,1,1,1,1,1,1,0,0,0,0
626,1,15.29700000000008,23.24,1,1,1,1,1,1,1,1,1,1,1,0.48900000000001,0,0,0,1,1,1,1,1,1,1,1,1,1,1,1,1,1,1,1,0,0,0,0
638,1,15.57800000000007,23.25,1,1,1,1,1,1,1,1,1,1,1,0.4609000000000151,0,0,0,1,1,1,1,1,1,1,1,1,1,1,1,1,1,1,1,0,0,0,0
648,1,15.84300000000007,23.24,1,1,1,1,1,1,1,1,1,1,1,0.4344000000000051,0,0,0,1,1,1,1,1,1,1,1,1,1,1,1,1,1,1,1,0,0,0,0
660,1,16.12500000000007,23.25,1,1,1,1,1,1,1,1,1,1,1,0.4062000000000126,0,0,0,1,1,1,1,1,1,1,1,1,1,1,1,1,1,1,1,0,0,0,0
671,1,16.40600000000007,23.24,1,1,1,1,1,1,1,1,1,1,1,0.3780999999999949,0,0,0,1,1,1,1,1,1,1,1,1,1,1,1,1,1,1,1,0,0,0,0
682,1,16.67200000000008,23.24,1,1,1,1,1,1,1,1,1,1,1,0.35150000000001,0,0,0,1,1,1,1,1,1,1,1,1,1,1,1,1,1,1,1,0,0,0,0
694,1,16.95300000000007,23.24,1,1,1,1,1,1,1,1,1,1,1,0.3234000000000151,0,0,0,1,1,1,1,1,1,1,1,1,1,1,1,1,1,1,1,0,0,0,0
705,1,17.21800000000007,23.24,1,1,1,1,1,1,1,1,1,1,1,0.2984000000000151,0,0,0,1,1,1,1,1,1,1,1,1,1,1,1,1,1,1,1,0,0,0,0
716,1,17.48400000000007,23.24,1,1,1,1,1,1,1,1,1,1,1,0.2702999999999974,0,0,0,1,1,1,1,1,1,1,1,1,1,1,1,1,1,1,1,0,0,0,0
727,1,17.75000000000007,23.24,1,1,1,1,1,1,1,1,1,1,1,0.2437000000000125,0,0,0,1,1,1,1,1,1,1,1,1,1,1,1,1,1,1,1,0,0,0,0
738,1,18.03100000000007,23.24,1,1,1,1,1,1,1,1,1,1,1,0.2155999999999949,0,0,0,1,1,1,1,1,1,1,1,1,1,1,1,1,1,1,1,0,0,0,0
749,1,18.29700000000008,23.24,1,1,1,1,1,1,1,1,1,1,1,0.1905999999999949,0,0,0,1,1,1,1,1,1,1,1,1,1,1,1,1,1,1,1,0,0,0,0
760,1,18.56200000000008,23.24,1,1,1,1,1,1,1,1,1,1,1,0.1625,0,0,0,1,1,1,1,1,1,1,1,1,1,1,1,1,1,1,1,0,0,0,0
771,1,18.82800000000007,23.24,1,1,1,1,1,1,1,1,1,1,1,0.1359000000000151,0,0,0,1,1,1,1,1,1,1,1,1,1,1,1,1,1,1,1,0,0,0,0
782,1,19.10900000000007,23.24,1,1,1,1,1,1,1,1,1,1,1,0.1077999999999975,0,0,0,1,1,1,1,1,1,1,1,1,1,1,1,1,1,1,1,0,0,0,0
793,1,19.37500000000007,23.24,1,1,1,1,1,1,1,1,1,1,1,0.08279999999999746,0,0,0,1,1,1,1,1,1,1,1,1,1,1,1,1,1,1,1,0,0,0,0
805,1,19.65600000000007,23.24,1,1,1,1,1,1,1,1,1,1,1,0.05309999999999491,0,0,0,1,1,1,1,1,1,1,1,1,1,1,1,1,1,1,1,0,0,0,0
815,1,19.90600000000007,23.24,1,1,1,1,1,1,1,1,1,1,1,0.02809999999999491,0,0,0,1,1,1,1,1,1,1,1,1,1,1,1,1,1,1,1,0,0,0,0
826,1,20.18700000000008,23.24,1,1,1,1,1,1,1,1,1,1,1,0,0,0,0,1,1,1,1,1,1,1,1,1,1,1,1,1,1,1,1,0,0,0,0
838,1,20.46800000000007,23.24,1,1,1,1,1,1,1,1,1,1,1,0,0,0,0,1,1,1,1,1,1,1,1,1,1,1,1,1,1,1,1,0,0,0,0
849,1,20.73400000000007,23.24,1,1,1,1,1,1,1,1,1,1,1,0.02660000000000764,0,0,0,1,1,1,1,1,1,1,1,1,1,1,1,1,1,1,1,0,0,0,0
859,1,20.98400000000007,23.24,1,1,1,1,1,1,1,1,1,1,1,0.05160000000000764,0,0,0,1,1,1,1,1,1,1,1,1,1,1,1,1,1,1,1,0,0,0,0
871,1,21.26500000000008,23.24,1,1,1,1,1,1,1,1,1,1,1,0.07970000000000255,0,0,0,1,1,1,1,1,1,1,1,1,1,1,1,1,1,1,1,0,0,0,0
882,1,21.54700000000008,23.24,1,1,1,1,1,1,1,1,1,1,1,0.1078999999999951,0,0,0,1,1,1,1,1,1,1,1,1,1,1,1,1,1,1,1,0,0,0,0
894,1,21.82800000000007,23.24,1,1,1,1,1,1,1,1,1,1,1,0.13599999999999,0,0,0,1,1,1,1,1,1,1,1,1,1,1,1,1,1,1,1,0,0,0,0
904,1,22.07800000000007,23.24,1,1,1,1,1,1,1,1,1,1,1,0.16099999999999,0,0,0,1,1,1,1,1,1,1,1,1,1,1,1,1,1,1,1,0,0,0,0
915,1,22.35900000000007,23.24,1,1,1,1,1,1,1,1,1,1,1,0.1891000000000077,0,0,0,1,1,1,1,1,1,1,1,1,1,1,1,1,1,1,1,0,0,0,0
926,1,22.62500000000007,23.24,1,1,1,1,1,1,1,1,1,1,1,0.2156999999999925,0,0,0,1,1,1,1,1,1,1,1,1,1,1,1,1,1,1,1,0,0,0,0
938,1,22.90600000000007,23.24,1,1,1,1,1,1,1,1,1,1,1,0.2438000000000102,0,0,0,1,1,1,1,1,1,1,1,1,1,1,1,1,1,1,1,0,0,0,0
948,1,23.15600000000007,23.24,1,1,1,1,1,1,1,1,1,1,1,0.2688000000000102,0,0,0,1,1,1,1,1,1,1,1,1,1,1,1,1,1,1,1,0,0,0,0
959,1,23.43700000000008,23.24,1,1,1,1,1,1,1,1,1,1,1,0.2969000000000051,0,0,0,1,1,1,1,1,1,1,1,1,1,1,1,1,1,1,1,0,0,0,0
970,1,23.70300000000007,23.24,1,1,1,1,1,1,1,1,1,1,1,0.32349999999999,0,0,0,1,1,1,1,1,1,1,1,1,1,1,1,1,1,1,1,0,0,0,0
982,1,23.98400000000007,23.24,1,1,1,1,1,1,1,1,1,1,1,0.3516000000000076,0,0,0,1,1,1,1,1,1,1,1,1,1,1,1,1,1,1,1,0,0,0,0
992,1,24.23400000000007,23.24,1,1,1,1,1,1,1,1,1,1,1,0.3766000000000077,0,0,0,1,1,1,1,1,1,1,1,1,1,1,1,1,1,1,1,0,0,0,0
1004,1,24.53100000000007,23.24,1,1,1,1,1,1,1,1,1,1,1,0.4047000000000026,0,0,0,1,1,1,1,1,1,1,1,1,1,1,1,1,1,1,1,0,0,0,0
1015,1,24.78100000000007,23.24,1,1,1,1,1,1,1,1,1,1,1,0.4313000000000102,0,0,0,1,1,1,1,1,1,1,1,1,1,1,1,1,1,1,1,0,0,0,0
1026,1,25.06200000000008,23.24,1,1,1,1,1,1,1,1,1,1,1,0.4594000000000051,0,0,0,1,1,1,1,1,1,1,1,1,1,1,1,1,1,1,1,0,0,0,0
1036,1,25.31200000000008,23.24,1,1,1,1,1,1,1,1,1,1,1,0.4844000000000051,0,0,0,1,1,1,1,1,1,1,1,1,1,1,1,1,1,1,1,0,0,0,0
1048,1,25.59300000000007,23.24,1,1,1,1,1,1,1,1,1,1,1,0.5125,0,0,0,1,1,1,1,1,1,1,1,1,1,1,1,1,1,1,1,0,0,0,0
1059,1,25.85900000000007,23.24,1,1,1,1,1,1,1,1,1,1,1,0.5391000000000077,0,0,0,1,1,1,1,1,1,1,1,1,1,1,1,1,1,1,1,0,0,0,0
1070,1,26.14000000000008,23.24,1,1,1,1,1,1,1,1,1,1,1,0.5672000000000026,0,0,0,1,1,1,1,1,1,1,1,1,1,1,1,1,1,1,1,0,0,0,0
1081,1,26.40600000000007,23.24,1,1,1,1,1,1,1,1,1,1,1,0.5938000000000102,0,0,0,1,1,1,1,1,1,1,1,1,1,1,1,1,1,1,1,0,0,0,0
1093,1,26.68700000000008,23.24,1,1,1,1,1,1,1,1,1,1,1,0.6219000000000051,0,0,0,1,1,1,1,1,1,1,1,1,1,1,1,1,1,1,1,0,0,0,0
1103,1,26.93700000000008,23.24,1,1,1,1,1,1,1,1,1,1,1,0.6469000000000051,0,0,0,1,1,1,1,1,1,1,1,1,1,1,1,1,1,1,1,0,0,0,0
1114,1,27.21800000000007,23.24,1,1,1,1,1,1,1,1,1,1,1,0.675,0,0,0,1,1,1,1,1,1,1,1,1,1,1,1,1,1,1,1,0,0,0,0
1125,1,27.48400000000007,23.24,1,1,1,1,1,1,1,1,1,1,1,0.7016000000000077,0,0,0,1,1,1,1,1,1,1,1,1,1,1,1,1,1,1,1,0,0,0,0
1137,1,27.76500000000008,23.24,1,1,1,1,1,1,1,1,1,1,1,0.7297000000000026,0,0,0,1,1,1,1,1,1,1,1,1,1,1,1,1,1,1,1,0,0,0,0
1147,1,28.01500000000008,23.24,1,1,1,1,1,1,1,1,1,1,1,0.7547000000000026,0,0,0,1,1,1,1,1,1,1,1,1,1,1,1,1,1,1,1,0,0,0,0
1159,1,28.29700000000008,23.24,1,1,1,1,1,1,1,1,1,1,1,0.782899999999995,0,0,0,1,1,1,1,1,1,1,1,1,1,1,1,1,1,1,1,0,0,0,0
1169,1,28.56200000000008,23.24,1,1,1,1,1,1,1,1,1,1,1,0.8094000000000051,0,0,0,1,1,1,1,1,1,1,1,1,1,1,1,1,1,1,1,0,0,0,0
1181,1,28.84300000000007,23.24,1,1,1,1,1,1,1,1,1,1,1,0.8375,0,0,0,1,1,1,1,1,1,1,1,1,1,1,1,1,1,1,1,0,0,0,0
1191,1,29.09300000000007,23.24,1,1,1,1,1,1,1,1,1,1,1,0.8625,0,0,0,1,1,1,1,1,1,1,1,1,1,1,1,1,1,1,1,0,0,0,0
1203,1,29.37500000000007,23.24,1,1,1,1,1,1,1,1,1,1,1,0.8906999999999925,0,0,0,1,1,1,1,1,1,1,1,1,1,1,1,1,1,1,1,0,0,0,0
1214,1,29.64000000000008,23.24,1,1,1,1,1,1,1,1,1,1,1,0.9172000000000026,0,0,0,1,1,1,1,1,1,1,1,1,1,1,1,1,1,1,1,0,0,0,0
1225,1,29.92200000000008,23.24,1,1,1,1,1,1,1,1,1,1,1,0.9453999999999951,0,0,0,1,1,1,1,1,1,1,1,1,1,1,1,1,1,1,1,0,0,0,0
1236,1,30.18700000000008,23.24,1,1,1,1,1,1,1,1,1,1,1,0.9719000000000051,0,0,0,1,1,1,1,1,1,1,1,1,1,1,1,1,1,1,1,0,0,0,0
1247,1,30.46800000000007,23.24,1,1,1,1,1,1,1,1,1,1,1,1,0,0,0,1,1,1,1,1,1,1,1,1,1,1,1,1,1,1,1,0,0,0,0
1258,1,30.71800000000007,23.24,1,1,1,1,1,1,1,1,1,1,1,1.025,0,0,0,1,1,1,1,1,1,1,1,1,1,1,1,1,1,1,1,0,0,0,0
1269,1,31.00000000000007,23.24,1,1,1,1,1,1,1,1,1,1,1,0.9718000000000074,0,0,0,1,1,1,1,1,1,1,1,1,1,1,1,1,1,1,1,0,0,0,0
1280,1,31.26500000000008,23.24,1,1,1,1,1,1,1,1,1,1,1,0.9452999999999975,0,0,0,1,1,1,1,1,1,1,1,1,1,1,1,1,1,1,1,0,0,0,0
1292,1,31.54700000000008,23.24,1,1,1,1,1,1,1,1,1,1,1,0.9171000000000049,0,0,0,1,1,1,1,1,1,1,1,1,1,1,1,1,1,1,1,0,0,0,0
1302,1,31.79700000000008,23.24,1,1,1,1,1,1,1,1,1,1,1,0.8921000000000049,0,0,0,1,1,1,1,1,1,1,1,1,1,1,1,1,1,1,1,0,0,0,0
1313,1,32.07800000000007,23.24,1,1,1,1,1,1,1,1,1,1,1,0.86400000000001,0,0,0,1,1,1,1,1,1,1,1,1,1,1,1,1,1,1,1,0,0,0,0
1324,1,32.34300000000007,23.24,1,1,1,1,1,1,1,1,1,1,1,0.8375,0,0,0,1,1,1,1,1,1,1,1,1,1,1,1,1,1,1,1,0,0,0,0
1336,1,32.62500000000007,23.24,1,1,1,1,1,1,1,1,1,1,1,0.8093000000000075,0,0,0,1,1,1,1,1,1,1,1,1,1,1,1,1,1,1,1,0,0,0,0
1347,1,32.89000000000007,23.24,1,1,1,1,1,1,1,1,1,1,1,0.7827999999999975,0,0,0,1,1,1,1,1,1,1,1,1,1,1,1,1,1,1,1,0,0,0,0
1358,1,33.17200000000008,23.24,1,1,1,1,1,1,1,1,1,1,1,0.7561999999999898,0,0,0,1,1,1,1,1,1,1,1,1,1,1,1,1,1,1,1,0,0,0,0
1368,1,33.42200000000008,23.22,1,1,1,1,1,1,1,1,1,1,1,0.7296000000000049,0,0,0,1,1,1,1,1,1,1,1,1,1,1,1,1,1,1,1,0,0,0,0
1381,1,33.71800000000007,23.24,1,1,1,1,1,1,1,1,1,1,1,0.7,0,0,0,1,1,1,1,1,1,1,1,1,1,1,1,1,1,1,1,0,0,0,0
1391,1,33.98400000000007,23.24,1,1,1,1,1,1,1,1,1,1,1,0.6733999999999923,0,0,0,1,1,1,1,1,1,1,1,1,1,1,1,1,1,1,1,0,0,0,0
1402,1,34.25000000000007,23.24,1,1,1,1,1,1,1,1,1,1,1,0.6468000000000075,0,0,0,1,1,1,1,1,1,1,1,1,1,1,1,1,1,1,1,0,0,0,0
1413,1,34.51500000000007,23.24,1,1,1,1,1,1,1,1,1,1,1,0.6202999999999974,0,0,0,1,1,1,1,1,1,1,1,1,1,1,1,1,1,1,1,0,0,0,0
1425,1,34.79700000000008,23.24,1,1,1,1,1,1,1,1,1,1,1,0.592100000000005,0,0,0,1,1,1,1,1,1,1,1,1,1,1,1,1,1,1,1,0,0,0,0
1436,1,35.06200000000008,23.24,1,1,1,1,1,1,1,1,1,1,1,0.5655999999999949,0,0,0,1,1,1,1,1,1,1,1,1,1,1,1,1,1,1,1,0,0,0,0
1447,1,35.32800000000007,23.22,1,1,1,1,1,1,1,1,1,1,1,0.53900000000001,0,0,0,1,1,1,1,1,1,1,1,1,1,1,1,1,1,1,1,0,0,0,0
1458,1,35.60900000000007,23.24,1,1,1,1,1,1,1,1,1,1,1,0.5108999999999924,0,0,0,1,1,1,1,1,1,1,1,1,1,1,1,1,1,1,1,0,0,0,0
1469,1,35.87500000000007,23.22,1,1,1,1,1,1,1,1,1,1,1,0.4843000000000074,0,0,0,1,1,1,1,1,1,1,1,1,1,1,1,1,1,1,1,0,0,0,0
1480,1,36.14000000000007,23.24,1,1,1,1,1,1,1,1,1,1,1,0.4577999999999974,0,0,0,1,1,1,1,1,1,1,1,1,1,1,1,1,1,1,1,0,0,0,0
1491,1,36.40600000000008,23.24,1,1,1,1,1,1,1,1,1,1,1,0.4311999999999898,0,0,0,1,1,1,1,1,1,1,1,1,1,1,1,1,1,1,1,0,0,0,0
1502,1,36.68700000000008,23.24,1,1,1,1,1,1,1,1,1,1,1,0.4030999999999949,0,0,0,1,1,1,1,1,1,1,1,1,1,1,1,1,1,1,1,0,0,0,0
1513,1,36.95300000000007,23.24,1,1,1,1,1,1,1,1,1,1,1,0.37650000000001,0,0,0,1,1,1,1,1,1,1,1,1,1,1,1,1,1,1,1,0,0,0,0
1524,1,37.21800000000007,23.24,1,1,1,1,1,1,1,1,1,1,1,0.35,0,0,0,1,1,1,1,1,1,1,1,1,1,1,1,1,1,1,1,0,0,0,0
1535,1,37.48400000000007,23.24,1,1,1,1,1,1,1,1,1,1,1,0.3233999999999924,0,0,0,1,1,1,1,1,1,1,1,1,1,1,1,1,1,1,1,0,0,0,0
1546,1,37.76500000000007,23.24,1,1,1,1,1,1,1,1,1,1,1,0.2952999999999975,0,0,0,1,1,1,1,1,1,1,1,1,1,1,1,1,1,1,1,0,0,0,0
1557,1,38.03100000000008,23.24,1,1,1,1,1,1,1,1,1,1,1,0.2686999999999898,0,0,0,1,1,1,1,1,1,1,1,1,1,1,1,1,1,1,1,0,0,0,0
1568,1,38.29700000000008,23.22,1,1,1,1,1,1,1,1,1,1,1,0.2421000000000049,0,0,0,1,1,1,1,1,1,1,1,1,1,1,1,1,1,1,1,0,0,0,0
1580,1,38.57800000000007,23.22,1,1,1,1,1,1,1,1,1,1,1,0.21400000000001,0,0,0,1,1,1,1,1,1,1,1,1,1,1,1,1,1,1,1,0,0,0,0
1591,1,38.85900000000007,23.24,1,1,1,1,1,1,1,1,1,1,1,0.1858999999999923,0,0,0,1,1,1,1,1,1,1,1,1,1,1,1,1,1,1,1,0,0,0,0
1603,1,39.14000000000007,23.24,1,1,1,1,1,1,1,1,1,1,1,0.1577999999999974,0,0,0,1,1,1,1,1,1,1,1,1,1,1,1,1,1,1,1,0,0,0,0
1614,1,39.40600000000008,23.24,1,1,1,1,1,1,1,1,1,1,1,0.1311999999999898,0,0,0,1,1,1,1,1,1,1,1,1,1,1,1,1,1,1,1,0,0,0,0
1624,1,39.67200000000008,23.22,1,1,1,1,1,1,1,1,1,1,1,0.1046000000000049,0,0,0,1,1,1,1,1,1,1,1,1,1,1,1,1,1,1,1,0,0,0,0
1635,1,39.93700000000008,23.24,1,1,1,1,1,1,1,1,1,1,1,0.07809999999999491,0,0,0,1,1,1,1,1,1,1,1,1,1,1,1,1,1,1,1,0,0,0,0
1647,1,40.23400000000007,23.22,1,1,1,1,1,1,1,1,1,1,1,0.04839999999999236,0,0,0,1,1,1,1,1,1,1,1,1,1,1,1,1,1,1,1,0,0,0,0
1658,1,40.50000000000007,23.24,1,1,1,1,1,1,1,1,1,1,1,0.02180000000000746,0,0,0,1,1,1,1,1,1,1,1,1,1,1,1,1,1,1,1,0,0,0,0
1670,1,40.78100000000008,23.22,1,1,1,1,1,1,1,1,1,1,1,0,0,0,0,1,1,1,1,1,1,1,1,1,1,1,1,1,1,1,1,0,0,0,0
1680,1,41.03100000000008,23.22,1,1,1,1,1,1,1,1,1,1,1,0.025,0,0,0,1,1,1,1,1,1,1,1,1,1,1,1,1,1,1,1,0,0,0,0
1692,1,41.31200000000008,23.22,1,1,1,1,1,1,1,1,1,1,1,0.05309999999999491,0,0,0,1,1,1,1,1,1,1,1,1,1,1,1,1,1,1,1,0,0,0,0
1703,1,41.57800000000007,23.24,1,1,1,1,1,1,1,1,1,1,1,0.07969999999997981,0,0,0,1,1,1,1,1,1,1,1,1,1,1,1,1,1,1,1,0,0,0,0
1714,1,41.85900000000007,23.24,1,1,1,1,1,1,1,1,1,1,1,0.1077999999999975,0,0,0,1,1,1,1,1,1,1,1,1,1,1,1,1,1,1,1,0,0,0,0
1725,1,42.12500000000007,23.22,1,1,1,1,1,1,1,1,1,1,1,0.1327999999999974,0,0,0,1,1,1,1,1,1,1,1,1,1,1,1,1,1,1,1,0,0,0,0
1736,1,42.39000000000007,23.24,1,1,1,1,1,1,1,1,1,1,1,0.1608999999999924,0,0,0,1,1,1,1,1,1,1,1,1,1,1,1,1,1,1,1,0,0,0,0
1747,1,42.65600000000008,23.24,1,1,1,1,1,1,1,1,1,1,1,0.1875,0,0,0,1,1,1,1,1,1,1,1,1,1,1,1,1,1,1,1,0,0,0,0
1758,1,42.93700000000008,23.22,1,1,1,1,1,1,1,1,1,1,1,0.2155999999999949,0,0,0,1,1,1,1,1,1,1,1,1,1,1,1,1,1,1,1,0,0,0,0
1769,1,43.20300000000007,23.22,1,1,1,1,1,1,1,1,1,1,1,0.2421999999999798,0,0,0,1,1,1,1,1,1,1,1,1,1,1,1,1,1,1,1,0,0,0,0
1781,1,43.48400000000007,23.24,1,1,1,1,1,1,1,1,1,1,1,0.2702999999999974,0,0,0,1,1,1,1,1,1,1,1,1,1,1,1,1,1,1,1,0,0,0,0
1792,1,43.75000000000007,23.22,1,1,1,1,1,1,1,1,1,1,1,0.2952999999999975,0,0,0,1,1,1,1,1,1,1,1,1,1,1,1,1,1,1,1,0,0,0,0
1802,1,44.01500000000007,23.24,1,1,1,1,1,1,1,1,1,1,1,0.3233999999999924,0,0,0,1,1,1,1,1,1,1,1,1,1,1,1,1,1,1,1,0,0,0,0
1813,1,44.28100000000008,23.22,1,1,1,1,1,1,1,1,1,1,1,0.35,0,0,0,1,1,1,1,1,1,1,1,1,1,1,1,1,1,1,1,0,0,0,0
1825,1,44.56200000000008,23.24,1,1,1,1,1,1,1,1,1,1,1,0.3780999999999949,0,0,0,1,1,1,1,1,1,1,1,1,1,1,1,1,1,1,1,0,0,0,0
1836,1,44.82800000000007,23.22,1,1,1,1,1,1,1,1,1,1,1,0.4030999999999949,0,0,0,1,1,1,1,1,1,1,1,1,1,1,1,1,1,1,1,0,0,0,0
1848,1,45.12500000000007,23.22,1,1,1,1,1,1,1,1,1,1,1,0.4343999999999824,0,0,0,1,1,1,1,1,1,1,1,1,1,1,1,1,1,1,1,0,0,0,0
1857,1,45.35900000000007,23.24,1,1,1,1,1,1,1,1,1,1,1,0.4577999999999974,0,0,0,1,1,1,1,1,1,1,1,1,1,1,1,1,1,1,1,0,0,0,0
1869,1,45.64000000000007,23.24,1,1,1,1,1,1,1,1,1,1,1,0.4858999999999923,0,0,0,1,1,1,1,1,1,1,1,1,1,1,1,1,1,1,1,0,0,0,0
1880,1,45.90600000000008,23.22,1,1,1,1,1,1,1,1,1,1,1,0.5108999999999924,0,0,0,1,1,1,1,1,1,1,1,1,1,1,1,1,1,1,1,0,0,0,0
1891,1,46.18700000000008,23.22,1,1,1,1,1,1,1,1,1,1,1,0.5405999999999949,0,0,0,1,1,1,1,1,1,1,1,1,1,1,1,1,1,1,1,0,0,0,0
1902,1,46.45300000000007,23.22,1,1,1,1,1,1,1,1,1,1,1,0.5671999999999798,0,0,0,1,1,1,1,1,1,1,1,1,1,1,1,1,1,1,1,0,0,0,0
1914,1,46.73400000000007,23.24,1,1,1,1,1,1,1,1,1,1,1,0.5952999999999975,0,0,0,1,1,1,1,1,1,1,1,1,1,1,1,1,1,1,1,0,0,0,0
1924,1,46.98400000000007,23.24,1,1,1,1,1,1,1,1,1,1,1,0.6202999999999974,0,0,0,1,1,1,1,1,1,1,1,1,1,1,1,1,1,1,1,0,0,0,0
1935,1,47.26500000000007,23.22,1,1,1,1,1,1,1,1,1,1,1,0.6483999999999923,0,0,0,1,1,1,1,1,1,1,1,1,1,1,1,1,1,1,1,0,0,0,0
1946,1,47.53100000000008,23.22,1,1,1,1,1,1,1,1,1,1,1,0.675,0,0,0,1,1,1,1,1,1,1,1,1,1,1,1,1,1,1,1,0,0,0,0
1958,1,47.81200000000008,23.24,1,1,1,1,1,1,1,1,1,1,1,0.703099999999995,0,0,0,1,1,1,1,1,1,1,1,1,1,1,1,1,1,1,1,0,0,0,0
1968,1,48.06200000000008,23.24,1,1,1,1,1,1,1,1,1,1,1,0.7280999999999949,0,0,0,1,1,1,1,1,1,1,1,1,1,1,1,1,1,1,1,0,0,0,0
1980,1,48.34300000000007,23.22,1,1,1,1,1,1,1,1,1,1,1,0.7561999999999898,0,0,0,1,1,1,1,1,1,1,1,1,1,1,1,1,1,1,1,0,0,0,0
1991,1,48.60900000000007,23.24,1,1,1,1,1,1,1,1,1,1,1,0.7827999999999975,0,0,0,1,1,1,1,1,1,1,1,1,1,1,1,1,1,1,1,0,0,0,0
2002,1,48.89000000000007,23.22,1,1,1,1,1,1,1,1,1,1,1,0.8108999999999924,0,0,0,1,1,1,1,1,1,1,1,1,1,1,1,1,1,1,1,0,0,0,0
2012,1,49.14000000000007,23.22,1,1,1,1,1,1,1,1,1,1,1,0.8358999999999923,0,0,0,1,1,1,1,1,1,1,1,1,1,1,1,1,1,1,1,0,0,0,0
2024,1,49.43700000000008,23.22,1,1,1,1,1,1,1,1,1,1,1,0.8655999999999949,0,0,0,1,1,1,1,1,1,1,1,1,1,1,1,1,1,1,1,0,0,0,0
2035,1,49.68700000000008,23.24,1,1,1,1,1,1,1,1,1,1,1,0.890599999999995,0,0,0,1,1,1,1,1,1,1,1,1,1,1,1,1,1,1,1,0,0,0,0
2046,1,49.96800000000007,23.24,1,1,1,1,1,1,1,1,1,1,1,0.9186999999999899,0,0,0,1,1,1,1,1,1,1,1,1,1,1,1,1,1,1,1,0,0,0,0
2056,1,50.21800000000007,23.24,1,1,1,1,1,1,1,1,1,1,1,0.9436999999999898,0,0,0,1,1,1,1,1,1,1,1,1,1,1,1,1,1,1,1,0,0,0,0
2069,1,50.51500000000007,23.24,1,1,1,1,1,1,1,1,1,1,1,0.9733999999999924,0,0,0,1,1,1,1,1,1,1,1,1,1,1,1,1,1,1,1,0,0,0,0
2076,1,50.68700000000008,23.24,1,1,1,1,1,1,1,1,1,1,1,0.9905999999999949,0,0,0,1,1,1,1,1,1,1,1,1,1,1,1,1,1,1,1,0,0,0,0
2083,1,50.87500000000007,23.22,1,1,1,1,1,1,1,1,1,1,1,1.009399999999982,0,0,0,1,1,1,1,1,1,1,1,1,1,1,1,1,1,1,1,0,0,0,0
2093,1,51.10900000000007,23.22,1,1,1,1,1,1,1,1,1,1,1,0.9765999999999849,0,0,0,1,1,1,1,1,1,1,1,1,1,1,1,1,1,1,1,0,0,0,0
2104,1,51.37500000000007,23.22,1,1,1,1,1,1,1,1,1,1,1,0.95,0,0,0,1,1,1,1,1,1,1,1,1,1,1,1,1,1,1,1,0,0,0,0
2115,1,51.65600000000008,23.22,1,1,1,1,1,1,1,1,1,1,1,0.9218999999999824,0,0,0,1,1,1,1,1,1,1,1,1,1,1,1,1,1,1,1,0,0,0,0
2127,1,51.93700000000008,23.22,1,1,1,1,1,1,1,1,1,1,1,0.8937999999999875,0,0,0,1,1,1,1,1,1,1,1,1,1,1,1,1,1,1,1,0,0,0,0
2138,1,52.20300000000007,23.22,1,1,1,1,1,1,1,1,1,1,1,0.8672000000000025,0,0,0,1,1,1,1,1,1,1,1,1,1,1,1,1,1,1,1,0,0,0,0
2149,1,52.46800000000007,23.22,1,1,1,1,1,1,1,1,1,1,1,0.8406999999999926,0,0,0,1,1,1,1,1,1,1,1,1,1,1,1,1,1,1,1,0,0,0,0
2159,1,52.73400000000007,23.22,1,1,1,1,1,1,1,1,1,1,1,0.8140999999999849,0,0,0,1,1,1,1,1,1,1,1,1,1,1,1,1,1,1,1,0,0,0,0
2171,1,53.01500000000007,23.22,1,1,1,1,1,1,1,1,1,1,1,0.78599999999999,0,0,0,1,1,1,1,1,1,1,1,1,1,1,1,1,1,1,1,0,0,0,0
2182,1,53.28100000000008,23.22,1,1,1,1,1,1,1,1,1,1,1,0.7593999999999823,0,0,0,1,1,1,1,1,1,1,1,1,1,1,1,1,1,1,1,0,0,0,0
2193,1,53.54700000000008,23.22,1,1,1,1,1,1,1,1,1,1,1,0.7327999999999975,0,0,0,1,1,1,1,1,1,1,1,1,1,1,1,1,1,1,1,0,0,0,0
2204,1,53.81200000000008,23.22,1,1,1,1,1,1,1,1,1,1,1,0.7062999999999875,0,0,0,1,1,1,1,1,1,1,1,1,1,1,1,1,1,1,1,0,0,0,0
2215,1,54.09300000000007,23.22,1,1,1,1,1,1,1,1,1,1,1,0.6781999999999926,0,0,0,1,1,1,1,1,1,1,1,1,1,1,1,1,1,1,1,0,0,0,0
2226,1,54.35900000000007,23.22,1,1,1,1,1,1,1,1,1,1,1,0.6515999999999849,0,0,0,1,1,1,1,1,1,1,1,1,1,1,1,1,1,1,1,0,0,0,0
2238,1,54.64000000000007,23.22,1,1,1,1,1,1,1,1,1,1,1,0.62349999999999,0,0,0,1,1,1,1,1,1,1,1,1,1,1,1,1,1,1,1,0,0,0,0
2248,1,54.90600000000008,23.22,1,1,1,1,1,1,1,1,1,1,1,0.5968999999999823,0,0,0,1,1,1,1,1,1,1,1,1,1,1,1,1,1,1,1,0,0,0,0
2259,1,55.17200000000008,23.22,1,1,1,1,1,1,1,1,1,1,1,0.5702999999999975,0,0,0,1,1,1,1,1,1,1,1,1,1,1,1,1,1,1,1,0,0,0,0
2270,1,55.43700000000008,23.22,1,1,1,1,1,1,1,1,1,1,1,0.5437999999999874,0,0,0,1,1,1,1,1,1,1,1,1,1,1,1,1,1,1,1,0,0,0,0
2282,1,55.71800000000007,23.22,1,1,1,1,1,1,1,1,1,1,1,0.5156999999999925,0,0,0,1,1,1,1,1,1,1,1,1,1,1,1,1,1,1,1,0,0,0,0
2293,1,55.98400000000007,23.22,1,1,1,1,1,1,1,1,1,1,1,0.4890999999999849,0,0,0,1,1,1,1,1,1,1,1,1,1,1,1,1,1,1,1,0,0,0,0
2304,1,56.25000000000007,23.22,1,1,1,1,1,1,1,1,1,1,1,0.4625,0,0,0,1,1,1,1,1,1,1,1,1,1,1,1,1,1,1,1,0,0,0,0
2314,1,56.51500000000007,23.22,1,1,1,1,1,1,1,1,1,1,1,0.43599999999999,0,0,0,1,1,1,1,1,1,1,1,1,1,1,1,1,1,1,1,0,0,0,0
2326,1,56.79700000000008,23.22,1,1,1,1,1,1,1,1,1,1,1,0.4077999999999974,0,0,0,1,1,1,1,1,1,1,1,1,1,1,1,1,1,1,1,0,0,0,0
2337,1,57.06200000000008,23.22,1,1,1,1,1,1,1,1,1,1,1,0.3812999999999874,0,0,0,1,1,1,1,1,1,1,1,1,1,1,1,1,1,1,1,0,0,0,0
2348,1,57.32800000000007,23.22,1,1,1,1,1,1,1,1,1,1,1,0.3547000000000026,0,0,0,1,1,1,1,1,1,1,1,1,1,1,1,1,1,1,1,0,0,0,0
2359,1,57.59300000000007,23.22,1,1,1,1,1,1,1,1,1,1,1,0.3281999999999926,0,0,0,1,1,1,1,1,1,1,1,1,1,1,1,1,1,1,1,0,0,0,0
2370,1,57.87500000000007,23.22,1,1,1,1,1,1,1,1,1,1,1,0.3,0,0,0,1,1,1,1,1,1,1,1,1,1,1,1,1,1,1,1,0,0,0,0
2381,1,58.14000000000007,23.22,1,1,1,1,1,1,1,1,1,1,1,0.27349999999999,0,0,0,1,1,1,1,1,1,1,1,1,1,1,1,1,1,1,1,0,0,0,0
2392,1,58.40600000000008,23.22,1,1,1,1,1,1,1,1,1,1,1,0.2468999999999824,0,0,0,1,1,1,1,1,1,1,1,1,1,1,1,1,1,1,1,0,0,0,0
2403,1,58.67200000000008,23.22,1,1,1,1,1,1,1,1,1,1,1,0.2202999999999974,0,0,0,1,1,1,1,1,1,1,1,1,1,1,1,1,1,1,1,0,0,0,0
2414,1,58.95300000000007,23.22,1,1,1,1,1,1,1,1,1,1,1,0.1922000000000025,0,0,0,1,1,1,1,1,1,1,1,1,1,1,1,1,1,1,1,0,0,0,0
2425,1,59.21800000000007,23.22,1,1,1,1,1,1,1,1,1,1,1,0.1656999999999925,0,0,0,1,1,1,1,1,1,1,1,1,1,1,1,1,1,1,1,0,0,0,0
2436,1,59.48400000000007,23.22,1,1,1,1,1,1,1,1,1,1,1,0.1390999999999849,0,0,0,1,1,1,1,1,1,1,1,1,1,1,1,1,1,1,1,0,0,0,0
2447,1,59.76500000000007,23.22,1,1,1,1,1,1,1,1,1,1,1,0.11099999999999,0,0,0,1,1,1,1,1,1,1,1,1,1,1,1,1,1,1,1,0,0,0,0
2458,1,60.03100000000008,23.22,1,1,1,1,1,1,1,1,1,1,1,0.08439999999998235,0,0,0,1,1,1,1,1,1,1,1,1,1,1,1,1,1,1,1,0,0,0,0
2469,1,60.29700000000008,23.22,1,1,1,1,1,1,1,1,1,1,1,0.05779999999999745,0,0,0,1,1,1,1,1,1,1,1,1,1,1,1,1,1,1,1,0,0,0,0
2481,1,60.57800000000007,23.22,1,1,1,1,1,1,1,1,1,1,1,0.02970000000000255,0,0,0,1,1,1,1,1,1,1,1,1,1,1,1,1,1,1,1,0,0,0,0
2492,1,60.84300000000007,23.22,1,1,1,1,1,1,1,1,1,1,1,0.003199999999992542,0,0,0,1,1,1,1,1,1,1,1,1,1,1,1,1,1,1,1,0,0,0,0
2503,1,61.12500000000007,23.22,1,1,1,1,1,1,1,1,1,1,1,0,0,0,0,1,1,1,1,1,1,1,1,1,1,1,1,1,1,1,1,0,0,0,0
2513,1,61.37500000000007,23.22,1,1,1,1,1,1,1,1,1,1,1,0.025,0,0,0,1,1,1,1,1,1,1,1,1,1,1,1,1,1,1,1,0,0,0,0
2525,1,61.65600000000008,23.24,1,1,1,1,1,1,1,1,1,1,1,0.05310000000001765,0,0,0,1,1,1,1,1,1,1,1,1,1,1,1,1,1,1,1,0,0,0,0
2536,1,61.92200000000008,23.22,1,1,1,1,1,1,1,1,1,1,1,0.07970000000000255,0,0,0,1,1,1,1,1,1,1,1,1,1,1,1,1,1,1,1,0,0,0,0
2547,1,62.18700000000008,23.22,1,1,1,1,1,1,1,1,1,1,1,0.1062000000000125,0,0,0,1,1,1,1,1,1,1,1,1,1,1,1,1,1,1,1,0,0,0,0
2554,1,62.37500000000007,23.22,1,1,1,1,1,1,1,1,1,1,1,0.1234000000000151,0,0,0,1,1,1,1,1,1,1,1,1,1,1,1,1,1,1,1,0,0,0,0
2561,1,62.54700000000008,23.22,1,1,1,1,1,1,1,1,1,1,1,0.1422000000000025,0,0,0,1,1,1,1,1,1,1,1,1,1,1,1,1,1,1,1,0,0,0,0
2572,1,62.81200000000008,23.22,1,1,1,1,1,1,1,1,1,1,1,0.1687000000000126,0,0,0,1,1,1,1,1,1,1,1,1,1,1,1,1,1,1,1,0,0,0,0
2583,1,63.07800000000007,23.22,1,1,1,1,1,1,1,1,1,1,1,0.1952999999999974,0,0,0,1,1,1,1,1,1,1,1,1,1,1,1,1,1,1,1,0,0,0,0
2594,1,63.34300000000007,23.22,1,1,1,1,1,1,1,1,1,1,1,0.2218000000000075,0,0,0,1,1,1,1,1,1,1,1,1,1,1,1,1,1,1,1,0,0,0,0
2605,1,63.60900000000007,23.22,1,1,1,1,1,1,1,1,1,1,1,0.2484000000000151,0,0,0,1,1,1,1,1,1,1,1,1,1,1,1,1,1,1,1,0,0,0,0
2616,1,63.89000000000007,23.22,1,1,1,1,1,1,1,1,1,1,1,0.27650000000001,0,0,0,1,1,1,1,1,1,1,1,1,1,1,1,1,1,1,1,0,0,0,0
2627,1,64.15600000000008,23.22,1,1,1,1,1,1,1,1,1,1,1,0.3031000000000176,0,0,0,1,1,1,1,1,1,1,1,1,1,1,1,1,1,1,1,0,0,0,0
2638,1,64.42200000000007,23.22,1,1,1,1,1,1,1,1,1,1,1,0.3297000000000025,0,0,0,1,1,1,1,1,1,1,1,1,1,1,1,1,1,1,1,0,0,0,0
2649,1,64.68700000000007,23.24,1,1,1,1,1,1,1,1,1,1,1,0.3562000000000126,0,0,0,1,1,1,1,1,1,1,1,1,1,1,1,1,1,1,1,0,0,0,0
2661,1,64.96800000000007,23.22,1,1,1,1,1,1,1,1,1,1,1,0.3843000000000075,0,0,0,1,1,1,1,1,1,1,1,1,1,1,1,1,1,1,1,0,0,0,0
2671,1,65.23400000000008,23.22,1,1,1,1,1,1,1,1,1,1,1,0.4109000000000151,0,0,0,1,1,1,1,1,1,1,1,1,1,1,1,1,1,1,1,0,0,0,0
2682,1,65.50000000000007,23.22,1,1,1,1,1,1,1,1,1,1,1,0.4375,0,0,0,1,1,1,1,1,1,1,1,1,1,1,1,1,1,1,1,0,0,0,0
2694,1,65.78100000000008,23.22,1,1,1,1,1,1,1,1,1,1,1,0.4656000000000177,0,0,0,1,1,1,1,1,1,1,1,1,1,1,1,1,1,1,1,0,0,0,0
2705,1,66.04700000000007,23.22,1,1,1,1,1,1,1,1,1,1,1,0.4922000000000025,0,0,0,1,1,1,1,1,1,1,1,1,1,1,1,1,1,1,1,0,0,0,0
2716,1,66.31200000000007,23.22,1,1,1,1,1,1,1,1,1,1,1,0.5187000000000126,0,0,0,1,1,1,1,1,1,1,1,1,1,1,1,1,1,1,1,0,0,0,0
2727,1,66.59300000000007,23.22,1,1,1,1,1,1,1,1,1,1,1,0.5452999999999975,0,0,0,1,1,1,1,1,1,1,1,1,1,1,1,1,1,1,1,0,0,0,0
2738,1,66.85900000000008,23.22,1,1,1,1,1,1,1,1,1,1,1,0.5734000000000151,0,0,0,1,1,1,1,1,1,1,1,1,1,1,1,1,1,1,1,0,0,0,0
2749,1,67.12500000000007,23.22,1,1,1,1,1,1,1,1,1,1,1,0.6,0,0,0,1,1,1,1,1,1,1,1,1,1,1,1,1,1,1,1,0,0,0,0
2760,1,67.39000000000007,23.22,1,1,1,1,1,1,1,1,1,1,1,0.62650000000001,0,0,0,1,1,1,1,1,1,1,1,1,1,1,1,1,1,1,1,0,0,0,0
2771,1,67.67200000000007,23.22,1,1,1,1,1,1,1,1,1,1,1,0.6547000000000025,0,0,0,1,1,1,1,1,1,1,1,1,1,1,1,1,1,1,1,0,0,0,0
2782,1,67.93700000000007,23.22,1,1,1,1,1,1,1,1,1,1,1,0.6812000000000126,0,0,0,1,1,1,1,1,1,1,1,1,1,1,1,1,1,1,1,0,0,0,0
2793,1,68.20300000000007,23.22,1,1,1,1,1,1,1,1,1,1,1,0.7077999999999974,0,0,0,1,1,1,1,1,1,1,1,1,1,1,1,1,1,1,1,0,0,0,0
2805,1,68.48400000000008,23.22,1,1,1,1,1,1,1,1,1,1,1,0.7359000000000151,0,0,0,1,1,1,1,1,1,1,1,1,1,1,1,1,1,1,1,0,0,0,0
2816,1,68.75000000000007,23.22,1,1,1,1,1,1,1,1,1,1,1,0.7625,0,0,0,1,1,1,1,1,1,1,1,1,1,1,1,1,1,1,1,0,0,0,0
2828,1,69.04700000000007,23.22,1,1,1,1,1,1,1,1,1,1,1,0.7922000000000026,0,0,0,1,1,1,1,1,1,1,1,1,1,1,1,1,1,1,1,0,0,0,0
2838,1,69.29700000000007,23.22,1,1,1,1,1,1,1,1,1,1,1,0.8172000000000026,0,0,0,1,1,1,1,1,1,1,1,1,1,1,1,1,1,1,1,0,0,0,0
2849,1,69.57800000000007,23.22,1,1,1,1,1,1,1,1,1,1,1,0.8452999999999975,0,0,0,1,1,1,1,1,1,1,1,1,1,1,1,1,1,1,1,0,0,0,0
2860,1,69.82800000000007,23.22,1,1,1,1,1,1,1,1,1,1,1,0.8702999999999974,0,0,0,1,1,1,1,1,1,1,1,1,1,1,1,1,1,1,1,0,0,0,0
2872,1,70.12500000000007,23.22,1,1,1,1,1,1,1,1,1,1,1,0.9,0,0,0,1,1,1,1,1,1,1,1,1,1,1,1,1,1,1,1,0,0,0,0
2883,1,70.39000000000007,23.22,1,1,1,1,1,1,1,1,1,1,1,0.92650000000001,0,0,0,1,1,1,1,1,1,1,1,1,1,1,1,1,1,1,1,0,0,0,0
2894,1,70.67200000000007,23.22,1,1,1,1,1,1,1,1,1,1,1,0.9547000000000025,0,0,0,1,1,1,1,1,1,1,1,1,1,1,1,1,1,1,1,0,0,0,0
2904,1,70.92200000000007,23.22,1,1,1,1,1,1,1,1,1,1,1,0.9797000000000026,0,0,0,1,1,1,1,1,1,1,1,1,1,1,1,1,1,1,1,0,0,0,0
2916,1,71.20300000000007,23.22,1,1,1,1,1,1,1,1,1,1,1,1.007799999999997,0,0,0,1,1,1,1,1,1,1,1,1,1,1,1,1,1,1,1,0,0,0,0
2927,1,71.46800000000007,23.22,1,1,1,1,1,1,1,1,1,1,1,0.97349999999999,0,0,0,1,1,1,1,1,1,1,1,1,1,1,1,1,1,1,1,0,0,0,0
2938,1,71.75000000000007,23.22,1,1,1,1,1,1,1,1,1,1,1,0.9452999999999975,0,0,0,1,1,1,1,1,1,1,1,1,1,1,1,1,1,1,1,0,0,0,0
2949,1,72.00000000000007,23.24,1,1,1,1,1,1,1,1,1,1,1,0.9202999999999975,0,0,0,1,1,1,1,1,1,1,1,1,1,1,1,1,1,1,1,0,0,0,0
2961,1,72.29700000000007,23.24,1,1,1,1,1,1,1,1,1,1,1,0.890599999999995,0,0,0,1,1,1,1,1,1,1,1,1,1,1,1,1,1,1,1,0,0,0,0
2971,1,72.54700000000007,23.22,1,1,1,1,1,1,1,1,1,1,1,0.8655999999999949,0,0,0,1,1,1,1,1,1,1,1,1,1,1,1,1,1,1,1,0,0,0,0
2983,1,72.82800000000007,23.22,1,1,1,1,1,1,1,1,1,1,1,0.8375,0,0,0,1,1,1,1,1,1,1,1,1,1,1,1,1,1,1,1,0,0,0,0
2993,1,73.09300000000007,23.22,1,1,1,1,1,1,1,1,1,1,1,0.81099999999999,0,0,0,1,1,1,1,1,1,1,1,1,1,1,1,1,1,1,1,0,0,0,0
3005,1,73.37500000000007,23.22,1,1,1,1,1,1,1,1,1,1,1,0.7827999999999975,0,0,0,1,1,1,1,1,1,1,1,1,1,1,1,1,1,1,1,0,0,0,0
3015,1,73.62500000000007,23.24,1,1,1,1,1,1,1,1,1,1,1,0.7577999999999975,0,0,0,1,1,1,1,1,1,1,1,1,1,1,1,1,1,1,1,0,0,0,0
3027,1,73.90600000000008,23.22,1,1,1,1,1,1,1,1,1,1,1,0.7296999999999798,0,0,0,1,1,1,1,1,1,1,1,1,1,1,1,1,1,1,1,0,0,0,0
3038,1,74.17200000000007,23.24,1,1,1,1,1,1,1,1,1,1,1,0.703099999999995,0,0,0,1,1,1,1,1,1,1,1,1,1,1,1,1,1,1,1,0,0,0,0
3049,1,74.45300000000007,23.22,1,1,1,1,1,1,1,1,1,1,1,0.675,0,0,0,1,1,1,1,1,1,1,1,1,1,1,1,1,1,1,1,0,0,0,0
3059,1,74.70300000000007,23.22,1,1,1,1,1,1,1,1,1,1,1,0.65,0,0,0,1,1,1,1,1,1,1,1,1,1,1,1,1,1,1,1,0,0,0,0
3071,1,74.98400000000008,23.24,1,1,1,1,1,1,1,1,1,1,1,0.6218999999999824,0,0,0,1,1,1,1,1,1,1,1,1,1,1,1,1,1,1,1,0,0,0,0
3082,1,75.25000000000007,23.24,1,1,1,1,1,1,1,1,1,1,1,0.5952999999999975,0,0,0,1,1,1,1,1,1,1,1,1,1,1,1,1,1,1,1,0,0,0,0
3093,1,75.53100000000008,23.22,1,1,1,1,1,1,1,1,1,1,1,0.5671999999999798,0,0,0,1,1,1,1,1,1,1,1,1,1,1,1,1,1,1,1,0,0,0,0
3103,1,75.78100000000008,23.22,1,1,1,1,1,1,1,1,1,1,1,0.5421999999999798,0,0,0,1,1,1,1,1,1,1,1,1,1,1,1,1,1,1,1,0,0,0,0
3116,1,76.07800000000007,23.24,1,1,1,1,1,1,1,1,1,1,1,0.5125,0,0,0,1,1,1,1,1,1,1,1,1,1,1,1,1,1,1,1,0,0,0,0
3126,1,76.32800000000007,23.22,1,1,1,1,1,1,1,1,1,1,1,0.4875,0,0,0,1,1,1,1,1,1,1,1,1,1,1,1,1,1,1,1,0,0,0,0
3137,1,76.60900000000008,23.22,1,1,1,1,1,1,1,1,1,1,1,0.4593999999999824,0,0,0,1,1,1,1,1,1,1,1,1,1,1,1,1,1,1,1,0,0,0,0
3148,1,76.85900000000008,23.24,1,1,1,1,1,1,1,1,1,1,1,0.4343999999999824,0,0,0,1,1,1,1,1,1,1,1,1,1,1,1,1,1,1,1,0,0,0,0
3160,1,77.15600000000008,23.22,1,1,1,1,1,1,1,1,1,1,1,0.4046999999999798,0,0,0,1,1,1,1,1,1,1,1,1,1,1,1,1,1,1,1,0,0,0,0
3170,1,77.40600000000008,23.22,1,1,1,1,1,1,1,1,1,1,1,0.3796999999999798,0,0,0,1,1,1,1,1,1,1,1,1,1,1,1,1,1,1,1,0,0,0,0
3182,1,77.68700000000007,23.22,1,1,1,1,1,1,1,1,1,1,1,0.3515999999999849,0,0,0,1,1,1,1,1,1,1,1,1,1,1,1,1,1,1,1,0,0,0,0
3192,1,77.95300000000007,23.22,1,1,1,1,1,1,1,1,1,1,1,0.325,0,0,0,1,1,1,1,1,1,1,1,1,1,1,1,1,1,1,1,0,0,0,0
3204,1,78.23400000000008,23.22,1,1,1,1,1,1,1,1,1,1,1,0.2968999999999823,0,0,0,1,1,1,1,1,1,1,1,1,1,1,1,1,1,1,1,0,0,0,0
3214,1,78.48400000000008,23.22,1,1,1,1,1,1,1,1,1,1,1,0.2718999999999824,0,0,0,1,1,1,1,1,1,1,1,1,1,1,1,1,1,1,1,0,0,0,0
3226,1,78.76500000000007,23.22,1,1,1,1,1,1,1,1,1,1,1,0.2437999999999874,0,0,0,1,1,1,1,1,1,1,1,1,1,1,1,1,1,1,1,0,0,0,0
3237,1,79.03100000000008,23.24,1,1,1,1,1,1,1,1,1,1,1,0.2171999999999798,0,0,0,1,1,1,1,1,1,1,1,1,1,1,1,1,1,1,1,0,0,0,0
3248,1,79.31200000000007,23.24,1,1,1,1,1,1,1,1,1,1,1,0.1890999999999849,0,0,0,1,1,1,1,1,1,1,1,1,1,1,1,1,1,1,1,0,0,0,0
3258,1,79.56200000000007,23.24,1,1,1,1,1,1,1,1,1,1,1,0.1640999999999849,0,0,0,1,1,1,1,1,1,1,1,1,1,1,1,1,1,1,1,0,0,0,0
3270,1,79.84300000000007,23.24,1,1,1,1,1,1,1,1,1,1,1,0.13599999999999,0,0,0,1,1,1,1,1,1,1,1,1,1,1,1,1,1,1,1,0,0,0,0
3281,1,80.10900000000008,23.24,1,1,1,1,1,1,1,1,1,1,1,0.1093999999999824,0,0,0,1,1,1,1,1,1,1,1,1,1,1,1,1,1,1,1,0,0,0,0
3292,1,80.39000000000007,23.22,1,1,1,1,1,1,1,1,1,1,1,0.08129999999998745,0,0,0,1,1,1,1,1,1,1,1,1,1,1,1,1,1,1,1,0,0,0,0
3303,1,80.65600000000008,23.22,1,1,1,1,1,1,1,1,1,1,1,0.05469999999997981,0,0,0,1,1,1,1,1,1,1,1,1,1,1,1,1,1,1,1,0,0,0,0
3315,1,80.93700000000007,23.22,1,1,1,1,1,1,1,1,1,1,1,0.0265999999999849,0,0,0,1,1,1,1,1,1,1,1,1,1,1,1,1,1,1,1,0,0,0,0
3326,1,81.20300000000007,23.22,1,1,1,1,1,1,1,1,1,1,1,0,0,0,0,1,1,1,1,1,1,1,1,1,1,1,1,1,1,1,1,0,0,0,0
3338,1,81.50000000000007,23.22,1,1,1,1,1,1,1,1,1,1,1,0,0,0,0,1,1,1,1,1,1,1,1,1,1,1,1,1,1,1,1,0,0,0,0
3347,1,81.73400000000008,23.22,1,1,1,1,1,1,1,1,1,1,1,0.0234000000000151,0,0,0,1,1,1,1,1,1,1,1,1,1,1,1,1,1,1,1,0,0,0,0
3359,1,82.01500000000007,23.22,1,1,1,1,1,1,1,1,1,1,1,0.05150000000001,0,0,0,1,1,1,1,1,1,1,1,1,1,1,1,1,1,1,1,0,0,0,0
3370,1,82.28100000000008,23.22,1,1,1,1,1,1,1,1,1,1,1,0.07810000000001764,0,0,0,1,1,1,1,1,1,1,1,1,1,1,1,1,1,1,1,0,0,0,0
3381,1,82.54700000000007,23.22,1,1,1,1,1,1,1,1,1,1,1,0.1047000000000025,0,0,0,1,1,1,1,1,1,1,1,1,1,1,1,1,1,1,1,0,0,0,0
3392,1,82.82800000000007,23.22,1,1,1,1,1,1,1,1,1,1,1,0.1327999999999974,0,0,0,1,1,1,1,1,1,1,1,1,1,1,1,1,1,1,1,0,0,0,0
3403,1,83.09300000000007,23.22,1,1,1,1,1,1,1,1,1,1,1,0.1593000000000075,0,0,0,1,1,1,1,1,1,1,1,1,1,1,1,1,1,1,1,0,0,0,0
3414,1,83.35900000000008,23.22,1,1,1,1,1,1,1,1,1,1,1,0.1859000000000151,0,0,0,1,1,1,1,1,1,1,1,1,1,1,1,1,1,1,1,0,0,0,0
3425,1,83.62500000000007,23.22,1,1,1,1,1,1,1,1,1,1,1,0.2125,0,0,0,1,1,1,1,1,1,1,1,1,1,1,1,1,1,1,1,0,0,0,0
3436,1,83.90600000000008,23.24,1,1,1,1,1,1,1,1,1,1,1,0.2406000000000176,0,0,0,1,1,1,1,1,1,1,1,1,1,1,1,1,1,1,1,0,0,0,0
3447,1,84.17200000000007,23.22,1,1,1,1,1,1,1,1,1,1,1,0.2672000000000025,0,0,0,1,1,1,1,1,1,1,1,1,1,1,1,1,1,1,1,0,0,0,0
3458,1,84.43700000000007,23.22,1,1,1,1,1,1,1,1,1,1,1,0.2937000000000126,0,0,0,1,1,1,1,1,1,1,1,1,1,1,1,1,1,1,1,0,0,0,0
3469,1,84.70300000000007,23.22,1,1,1,1,1,1,1,1,1,1,1,0.3202999999999975,0,0,0,1,1,1,1,1,1,1,1,1,1,1,1,1,1,1,1,0,0,0,0
3480,1,84.98400000000008,23.22,1,1,1,1,1,1,1,1,1,1,1,0.3484000000000151,0,0,0,1,1,1,1,1,1,1,1,1,1,1,1,1,1,1,1,0,0,0,0
3491,1,85.25000000000007,23.22,1,1,1,1,1,1,1,1,1,1,1,0.375,0,0,0,1,1,1,1,1,1,1,1,1,1,1,1,1,1,1,1,0,0,0,0
3502,1,85.51500000000007,23.24,1,1,1,1,1,1,1,1,1,1,1,0.40150000000001,0,0,0,1,1,1,1,1,1,1,1,1,1,1,1,1,1,1,1,0,0,0,0
3513,1,85.78100000000008,23.24,1,1,1,1,1,1,1,1,1,1,1,0.4281000000000176,0,0,0,1,1,1,1,1,1,1,1,1,1,1,1,1,1,1,1,0,0,0,0
3525,1,86.06200000000007,23.22,1,1,1,1,1,1,1,1,1,1,1,0.4562000000000125,0,0,0,1,1,1,1,1,1,1,1,1,1,1,1,1,1,1,1,0,0,0,0
3535,1,86.32800000000007,23.24,1,1,1,1,1,1,1,1,1,1,1,0.4827999999999975,0,0,0,1,1,1,1,1,1,1,1,1,1,1,1,1,1,1,1,0,0,0,0
3547,1,86.60900000000008,23.24,1,1,1,1,1,1,1,1,1,1,1,0.5109000000000151,0,0,0,1,1,1,1,1,1,1,1,1,1,1,1,1,1,1,1,0,0,0,0
3558,1,86.87500000000007,23.24,1,1,1,1,1,1,1,1,1,1,1,0.5375,0,0,0,1,1,1,1,1,1,1,1,1,1,1,1,1,1,1,1,0,0,0,0
3569,1,87.14000000000007,23.24,1,1,1,1,1,1,1,1,1,1,1,0.56400000000001,0,0,0,1,1,1,1,1,1,1,1,1,1,1,1,1,1,1,1,0,0,0,0
3580,1,87.40600000000008,23.22,1,1,1,1,1,1,1,1,1,1,1,0.5906000000000177,0,0,0,1,1,1,1,1,1,1,1,1,1,1,1,1,1,1,1,0,0,0,0
3591,1,87.68700000000007,23.24,1,1,1,1,1,1,1,1,1,1,1,0.6187000000000126,0,0,0,1,1,1,1,1,1,1,1,1,1,1,1,1,1,1,1,0,0,0,0
3602,1,87.95300000000007,23.22,1,1,1,1,1,1,1,1,1,1,1,0.6452999999999974,0,0,0,1,1,1,1,1,1,1,1,1,1,1,1,1,1,1,1,0,0,0,0
3613,1,88.21800000000007,23.24,1,1,1,1,1,1,1,1,1,1,1,0.6718000000000075,0,0,0,1,1,1,1,1,1,1,1,1,1,1,1,1,1,1,1,0,0,0,0
3624,1,88.48400000000008,23.24,1,1,1,1,1,1,1,1,1,1,1,0.6984000000000151,0,0,0,1,1,1,1,1,1,1,1,1,1,1,1,1,1,1,1,0,0,0,0
3635,1,88.76500000000007,23.24,1,1,1,1,1,1,1,1,1,1,1,0.72650000000001,0,0,0,1,1,1,1,1,1,1,1,1,1,1,1,1,1,1,1,0,0,0,0
3647,1,89.04700000000007,23.24,1,1,1,1,1,1,1,1,1,1,1,0.7547000000000026,0,0,0,1,1,1,1,1,1,1,1,1,1,1,1,1,1,1,1,0,0,0,0
3658,1,89.31200000000007,23.24,1,1,1,1,1,1,1,1,1,1,1,0.7812000000000126,0,0,0,1,1,1,1,1,1,1,1,1,1,1,1,1,1,1,1,0,0,0,0
3669,1,89.57800000000007,23.24,1,1,1,1,1,1,1,1,1,1,1,0.8077999999999974,0,0,0,1,1,1,1,1,1,1,1,1,1,1,1,1,1,1,1,0,0,0,0
3679,1,89.84300000000007,23.24,1,1,1,1,1,1,1,1,1,1,1,0.8343000000000075,0,0,0,1,1,1,1,1,1,1,1,1,1,1,1,1,1,1,1,0,0,0,0
3691,1,90.12500000000007,23.24,1,1,1,1,1,1,1,1,1,1,1,0.8625,0,0,0,1,1,1,1,1,1,1,1,1,1,1,1,1,1,1,1,0,0,0,0
3703,1,90.40600000000008,23.24,1,1,1,1,1,1,1,1,1,1,1,0.8906000000000176,0,0,0,1,1,1,1,1,1,1,1,1,1,1,1,1,1,1,1,0,0,0,0
3713,1,90.67200000000007,23.24,1,1,1,1,1,1,1,1,1,1,1,0.9172000000000026,0,0,0,1,1,1,1,1,1,1,1,1,1,1,1,1,1,1,1,0,0,0,0
3725,1,90.95300000000007,23.24,1,1,1,1,1,1,1,1,1,1,1,0.9452999999999975,0,0,0,1,1,1,1,1,1,1,1,1,1,1,1,1,1,1,1,0,0,0,0
3736,1,91.21800000000007,23.24,1,1,1,1,1,1,1,1,1,1,1,0.9718000000000074,0,0,0,1,1,1,1,1,1,1,1,1,1,1,1,1,1,1,1,0,0,0,0
3747,1,91.48400000000008,23.24,1,1,1,1,1,1,1,1,1,1,1,0.9984000000000151,0,0,0,1,1,1,1,1,1,1,1,1,1,1,1,1,1,1,1,0,0,0,0
3758,1,91.75000000000007,23.24,1,1,1,1,1,1,1,1,1,1,1,1.025,0,0,0,1,1,1,1,1,1,1,1,1,1,1,1,1,1,1,1,0,0,0,0
3769,1,92.03100000000008,23.24,1,1,1,1,1,1,1,1,1,1,1,0.9718999999999823,0,0,0,1,1,1,1,1,1,1,1,1,1,1,1,1,1,1,1,0,0,0,0
3780,1,92.29700000000007,23.24,1,1,1,1,1,1,1,1,1,1,1,0.9452999999999975,0,0,0,1,1,1,1,1,1,1,1,1,1,1,1,1,1,1,1,0,0,0,0
3791,1,92.57800000000007,23.24,1,1,1,1,1,1,1,1,1,1,1,0.9172000000000026,0,0,0,1,1,1,1,1,1,1,1,1,1,1,1,1,1,1,1,0,0,0,0
3802,1,92.84300000000007,23.24,1,1,1,1,1,1,1,1,1,1,1,0.8906999999999925,0,0,0,1,1,1,1,1,1,1,1,1,1,1,1,1,1,1,1,0,0,0,0
3814,1,93.12500000000007,23.24,1,1,1,1,1,1,1,1,1,1,1,0.8640999999999849,0,0,0,1,1,1,1,1,1,1,1,1,1,1,1,1,1,1,1,0,0,0,0
3825,1,93.39000000000007,23.24,1,1,1,1,1,1,1,1,1,1,1,0.83599999999999,0,0,0,1,1,1,1,1,1,1,1,1,1,1,1,1,1,1,1,0,0,0,0
3836,1,93.65600000000008,23.24,1,1,1,1,1,1,1,1,1,1,1,0.8093999999999824,0,0,0,1,1,1,1,1,1,1,1,1,1,1,1,1,1,1,1,0,0,0,0
3847,1,93.92200000000007,23.24,1,1,1,1,1,1,1,1,1,1,1,0.7827999999999975,0,0,0,1,1,1,1,1,1,1,1,1,1,1,1,1,1,1,1,0,0,0,0
3858,1,94.20300000000007,23.24,1,1,1,1,1,1,1,1,1,1,1,0.7562999999999874,0,0,0,1,1,1,1,1,1,1,1,1,1,1,1,1,1,1,1,0,0,0,0
3869,1,94.46800000000007,23.24,1,1,1,1,1,1,1,1,1,1,1,0.7281999999999925,0,0,0,1,1,1,1,1,1,1,1,1,1,1,1,1,1,1,1,0,0,0,0
3880,1,94.73400000000008,23.24,1,1,1,1,1,1,1,1,1,1,1,0.7015999999999849,0,0,0,1,1,1,1,1,1,1,1,1,1,1,1,1,1,1,1,0,0,0,0
3891,1,95.00000000000007,23.24,1,1,1,1,1,1,1,1,1,1,1,0.675,0,0,0,1,1,1,1,1,1,1,1,1,1,1,1,1,1,1,1,0,0,0,0
3902,1,95.28100000000008,23.24,1,1,1,1,1,1,1,1,1,1,1,0.64849999999999,0,0,0,1,1,1,1,1,1,1,1,1,1,1,1,1,1,1,1,0,0,0,0
3913,1,95.54700000000007,23.24,1,1,1,1,1,1,1,1,1,1,1,0.6202999999999974,0,0,0,1,1,1,1,1,1,1,1,1,1,1,1,1,1,1,1,0,0,0,0
3924,1,95.81200000000007,23.24,1,1,1,1,1,1,1,1,1,1,1,0.5937999999999874,0,0,0,1,1,1,1,1,1,1,1,1,1,1,1,1,1,1,1,0,0,0,0
3935,1,96.07800000000007,23.24,1,1,1,1,1,1,1,1,1,1,1,0.5672000000000026,0,0,0,1,1,1,1,1,1,1,1,1,1,1,1,1,1,1,1,0,0,0,0
3946,1,96.35900000000008,23.24,1,1,1,1,1,1,1,1,1,1,1,0.5406999999999925,0,0,0,1,1,1,1,1,1,1,1,1,1,1,1,1,1,1,1,0,0,0,0
3957,1,96.62500000000007,23.24,1,1,1,1,1,1,1,1,1,1,1,0.5125,0,0,0,1,1,1,1,1,1,1,1,1,1,1,1,1,1,1,1,0,0,0,0
3968,1,96.89000000000007,23.24,1,1,1,1,1,1,1,1,1,1,1,0.48599999999999,0,0,0,1,1,1,1,1,1,1,1,1,1,1,1,1,1,1,1,0,0,0,0
3980,1,97.17200000000007,23.24,1,1,1,1,1,1,1,1,1,1,1,0.4577999999999974,0,0,0,1,1,1,1,1,1,1,1,1,1,1,1,1,1,1,1,0,0,0,0
3991,1,97.43700000000007,23.24,1,1,1,1,1,1,1,1,1,1,1,0.4312999999999875,0,0,0,1,1,1,1,1,1,1,1,1,1,1,1,1,1,1,1,0,0,0,0
4001,1,97.70300000000007,23.24,1,1,1,1,1,1,1,1,1,1,1,0.4047000000000026,0,0,0,1,1,1,1,1,1,1,1,1,1,1,1,1,1,1,1,0,0,0,0
4013,1,97.98400000000008,23.24,1,1,1,1,1,1,1,1,1,1,1,0.3781999999999925,0,0,0,1,1,1,1,1,1,1,1,1,1,1,1,1,1,1,1,0,0,0,0
4024,1,98.25000000000007,23.24,1,1,1,1,1,1,1,1,1,1,1,0.35,0,0,0,1,1,1,1,1,1,1,1,1,1,1,1,1,1,1,1,0,0,0,0
4035,1,98.51500000000007,23.24,1,1,1,1,1,1,1,1,1,1,1,0.32349999999999,0,0,0,1,1,1,1,1,1,1,1,1,1,1,1,1,1,1,1,0,0,0,0
4046,1,98.79700000000007,23.24,1,1,1,1,1,1,1,1,1,1,1,0.2952999999999975,0,0,0,1,1,1,1,1,1,1,1,1,1,1,1,1,1,1,1,0,0,0,0
4057,1,99.06200000000007,23.24,1,1,1,1,1,1,1,1,1,1,1,0.2702999999999974,0,0,0,1,1,1,1,1,1,1,1,1,1,1,1,1,1,1,1,0,0,0,0
4068,1,99.32800000000007,23.24,1,1,1,1,1,1,1,1,1,1,1,0.2422000000000026,0,0,0,1,1,1,1,1,1,1,1,1,1,1,1,1,1,1,1,0,0,0,0
4079,1,99.59300000000007,23.24,1,1,1,1,1,1,1,1,1,1,1,0.2156999999999925,0,0,0,1,1,1,1,1,1,1,1,1,1,1,1,1,1,1,1,0,0,0,0
4090,1,99.87500000000007,23.24,1,1,1,1,1,1,1,1,1,1,1,0.1875,0,0,0,1,1,1,1,1,1,1,1,1,1,1,1,1,1,1,1,0,0,0,0
-1,0,0.,0.,0.,0.,0.,0.,0.,0.,0.,0.,0.,0.,0,0,0,0,0,0,0,0,0,0,0,0,0,0,0,0,0,0,0,0,0,0,0,0
Time  REALCLK  0  60  30  383  0  0  0xffffff  0  0  0  0  0  0  1  0  0  0  0  NONE  0  0  0  0  0  0  0  0  0  0  0  0  0  0  0  0  0  0  0  0  0  0  0  0  0  1  0  0  0  NONE  0  0  0  NONE  NONE  0  0  0  0  0  0  0  0  0  0  0xffffff
Resistance  TTi1705_RESISTANCE  1  6  0  391  0  0  0xffff  0  0  0  0  0  0  1  0  0  0  0  NONE  0  0  0  0  0  0  0  0  0  0  6  0  0  0  0  0  0  0  0  0  0  0  0  0  0  1  0  0  0  NONE  0  0  0  NONE  NONE  0  0  0  0  0  0  0  0  0  0  0xffff
Voltage  AG34401_VOLT_DC  -5  5  0  55  0  0  0xff00ff  0  0  0  0  0  0  1  0  0  0  0  NONE  0  0  0  0  0  0  0  0  0  0  22  0  0  0  0  0  0  0  0  0  0  0  0  0  0  1  0  0  0  NONE  0  0  0  NONE  NONE  0  0  0  0  0  0  0  0  0  0  0xff00ff
Voltage  NODEVICE  -3.821015  16.178985  0  463  0  0  0xff  0  0  0  0  0  0  1  0  0  0  0  NONE  0  0  0  0  0  0  0  0  0  0  0  0  0  0  0  0  0  0  0  0  0  0  0  0  0  1  0  0  0  NONE  0  0  0  NONE  NONE  0  0  0  0  0  0  0  0  0  0  0xff
NONE  NODEVICE  -3  3  0  463  0  0  0xffff00  0  0  0  0  0  0  1  0  0  0  0  NONE  0  0  0  0  0  0  0  0  0  0  0  0  0  0  0  0  0  0  0  0  0  0  0  0  0  1  0  0  0  NONE  0  0  0  NONE  NONE  0  0  0  0  0  0  0  0  0  0  0xffff00
NONE  NODEVICE  -6  6  0  463  0  0  0xff00  0  0  0  0  0  0  1  0  0  0  0  NONE  0  0  0  0  0  0  0  0  0  0  0  0  0  0  0  0  0  0  0  0  0  0  0  0  0  1  0  0  0  NONE  0  0  0  NONE  NONE  0  0  0  0  0  0  0  0  0  0  0xff00
NONE  NODEVICE  -12  12  0  463  0  0  0xffffff  0  0  0  0  0  0  1  0  0  0  0  NONE  0  0  0  0  0  0  0  0  0  0  0  0  0  0  0  0  0  0  0  0  0  0  0  0  0  1  0  0  0  NONE  0  0  0  NONE  NONE  0  0  0  0  0  0  0  0  0  0  0xffffff
NONE  NODEVICE  -1.5  1.5  0  463  0  0  0xff00ff  0  0  0  0  0  0  1  0  0  0  0  NONE  0  0  0  0  0  0  0  0  0  0  0  0  0  0  0  0  0  0  0  0  0  0  0  0  0  1  0  0  0  NONE  0  0  0  NONE  NONE  0  0  0  0  0  0  0  0  0  0  0xff00ff
NONE  NODEVICE  -2  2  0  463  0  0  0xffff  0  0  0  0  0  0  1  0  0  0  0  NONE  0  0  0  0  0  0  0  0  0  0  0  0  0  0  0  0  0  0  0  0  0  0  0  0  0  1  0  0  0  NONE  0  0  0  NONE  NONE  0  0  0  0  0  0  0  0  0  0  0xffff
NONE  NODEVICE  -3  3  0  463  0  0  0xff00  0  0  0  0  0  0  1  0  0  0  0  NONE  0  0  0  0  0  0  0  0  0  0  0  0  0  0  0  0  0  0  0  0  0  0  0  0  0  1  0  0  0  NONE  0  0  0  NONE  NONE  0  0  0  0  0  0  0  0  0  0  0xff00
NONE  NODEVICE  -0.05  0.05  0  463  0  0  0xff  0  0  0  0  0  0  1  0  0  0  0  NONE  0  0  0  0  0  0  0  0  0  0  0  0  0  0  0  0  0  0  0  0  0  0  0  0  0  1  0  0  0  NONE  0  0  0  NONE  NONE  0  0  0  0  0  0  0  0  0  0  0xff
NONE  NODEVICE  -0.05  0.05  0  463  0  0  0x8000  0  0  0  0  0  0  1  0  0  0  0  NONE  0  0  0  0  0  0  0  0  0  0  0  0  0  0  0  0  0  0  0  0  0  0  0  0  0  1  0  0  0  NONE  0  0  0  NONE  NONE  0  0  0  0  0  0  0  0  0  0  0x8000
NONE  NODEVICE  -0.05  0.05  0  463  0  0  0xffff00  0  0  0  0  0  0  1  0  0  0  0  NONE  0  0  0  0  0  0  0  0  0  0  0  0  0  0  0  0  0  0  0  0  0  0  0  0  0  1  0  0  0  NONE  0  0  0  NONE  NONE  0  0  0  0  0  0  0  0  0  0  0xffff00
NONE  CHANNEL_OUTPUT0  -1  1  0  422  0  0  0xf0caa6  0  0  0  0  0  0  1  0  0  0  0  NONE  0  0  0  0  0  0  0  0  0  0  0  18  0  0  0  0  0  0  0  0  0  0  0  0  0  1  0  0  0  NONE  0  0  0  NONE  NONE  0  0  0  0  0  0  0  0  0  0  0xf0caa6
NONE  CHANNEL_OUTPUT1  -0.5  0.5  0  423  0  0  0xc0dcc0  0  0  0  0  0  0  1  0  0  0  0  NONE  0  0  0  0  0  0  0  0  0  0  0  19  0  0  0  0  0  0  0  0  0  0  0  0  0  1  0  0  0  NONE  0  0  0  NONE  NONE  0  0  0  0  0  0  0  0  0  0  0xc0dcc0
NONE  CHANNEL_OUTPUT2  -2  2  0  424  0  0  0xff00  0  0  0  0  0  0  1  0  0  0  0  NONE  0  0  0  0  0  0  0  0  0  0  0  20  0  0  0  0  0  0  0  0  0  0  0  0  0  1  0  0  0  NONE  0  0  0  NONE  NONE  0  0  0  0  0  0  0  0  0  0  0xff00
NONE  NODEVICE  -0.5  0.5  0  463  0  0  0xffffff  0  0  0  0  0  0  1  0  0  0  0  NONE  0  0  0  0  0  0  0  0  0  0  0  0  0  0  0  0  0  0  0  0  0  0  0  0  0  1  0  0  0  NONE  0  0  0  NONE  NONE  0  0  0  0  0  0  0  0  0  0  0xffffff
NONE  NODEVICE  -0.5  0.5  0  463  0  0  0xffffff  0  0  0  0  0  0  1  0  0  0  0  NONE  0  0  0  0  0  0  0  0  0  0  0  0  0  0  0  0  0  0  0  0  0  0  0  0  0  1  0  0  0  NONE  0  0  0  NONE  NONE  0  0  0  0  0  0  0  0  0  0  0xffffff
NONE  E3631A_CURR_P25  0  1  0  81  0  0  0xffffff  0  0  0  0  0  0  1  0  0  0  0  NONE  0  0  0  0  0  0  0  0  0  0  19  0  0  0  0  0  0  0  0  0  0  0  0  0  0  1  0  0  0  NONE  0  0  0  NONE  NONE  0  0  0  0  0  0  0  0  0  0  0xffffff
NONE  NODEVICE  0  0  0  463  0  0  0xffffff  0  0  0  0  0  0  1  0  0  0  0  NONE  0  0  0  0  0  0  0  0  0  0  0  0  0  0  0  0  0  0  0  0  0  0  0  0  0  1  0  0  0  NONE  0  0  0  NONE  NONE  0  0  0  0  0  0  0  0  0  0  0xffffff
NONE  NODEVICE  0  0  0  463  0  0  0xffffff  0  0  0  0  0  0  1  0  0  0  0  NONE  0  0  0  0  0  0  0  0  0  0  0  0  0  0  0  0  0  0  0  0  0  0  0  0  0  1  0  0  0  NONE  0  0  0  NONE  NONE  0  0  0  0  0  0  0  0  0  0  0xffffff
NONE  NODEVICE  0  0  0  463  0  0  0xffffff  0  0  0  0  0  0  1  0  0  0  0  NONE  0  0  0  0  0  0  0  0  0  0  0  0  0  0  0  0  0  0  0  0  0  0  0  0  0  1  0  0  0  NONE  0  0  0  NONE  NONE  0  0  0  0  0  0  0  0  0  0  0xffffff
NONE  NODEVICE  0  0  0  463  0  0  0xffffff  0  0  0  0  0  0  1  0  0  0  0  NONE  0  0  0  0  0  0  0  0  0  0  0  0  0  0  0  0  0  0  0  0  0  0  0  0  0  1  0  0  0  NONE  0  0  0  NONE  NONE  0  0  0  0  0  0  0  0  0  0  0xffffff
NONE  NODEVICE  0  0  0  463  0  0  0xffffff  0  0  0  0  0  0  1  0  0  0  0  NONE  0  0  0  0  0  0  0  0  0  0  0  0  0  0  0  0  0  0  0  0  0  0  0  0  0  1  0  0  0  NONE  0  0  0  NONE  NONE  0  0  0  0  0  0  0  0  0  0  0xffffff
NONE  NODEVICE  0  0  0  463  0  0  0xffffff  0  0  0  0  0  0  1  0  0  0  0  NONE  0  0  0  0  0  0  0  0  0  0  0  0  0  0  0  0  0  0  0  0  0  0  0  0  0  1  0  0  0  NONE  0  0  0  NONE  NONE  0  0  0  0  0  0  0  0  0  0  0xffffff
NONE  NODEVICE  0  0  0  463  0  0  0xffffff  0  0  0  0  0  0  1  0  0  0  0  NONE  0  0  0  0  0  0  0  0  0  0  0  0  0  0  0  0  0  0  0  0  0  0  0  0  0  1  0  0  0  NONE  0  0  0  NONE  NONE  0  0  0  0  0  0  0  0  0  0  0xffffff
NONE  NODEVICE  0  0  0  463  0  0  0xffffff  0  0  0  0  0  0  1  0  0  0  0  NONE  0  0  0  0  0  0  0  0  0  0  0  0  0  0  0  0  0  0  0  0  0  0  0  0  0  1  0  0  0  NONE  0  0  0  NONE  NONE  0  0  0  0  0  0  0  0  0  0  0xffffff
NONE  NODEVICE  0  0  0  463  0  0  0xffffff  0  0  0  0  0  0  1  0  0  0  0  NONE  0  0  0  0  0  0  0  0  0  0  0  0  0  0  0  0  0  0  0  0  0  0  0  0  0  1  0  0  0  NONE  0  0  0  NONE  NONE  0  0  0  0  0  0  0  0  0  0  0xffffff
NONE  NODEVICE  0  0  0  463  0  0  0xffffff  0  0  0  0  0  0  1  0  0  0  0  NONE  0  0  0  0  0  0  0  0  0  0  0  0  0  0  0  0  0  0  0  0  0  0  0  0  0  1  0  0  0  NONE  0  0  0  NONE  NONE  0  0  0  0  0  0  0  0  0  0  0xffffff
NONE  NODEVICE  0  0  0  463  0  0  0xffffff  0  0  0  0  0  0  1  0  0  0  0  NONE  0  0  0  0  0  0  0  0  0  0  0  0  0  0  0  0  0  0  0  0  0  0  0  0  0  1  0  0  0  NONE  0  0  0  NONE  NONE  0  0  0  0  0  0  0  0  0  0  0xffffff
NONE  NODEVICE  0  0  0  463  0  0  0xffffff  0  0  0  0  0  0  1  0  0  0  0  NONE  0  0  0  0  0  0  0  0  0  0  0  0  0  0  0  0  0  0  0  0  0  0  0  0  0  1  0  0  0  NONE  0  0  0  NONE  NONE  0  0  0  0  0  0  0  0  0  0  0xffffff
NONE  NODEVICE  0  0  0  463  0  0  0xffffff  0  0  0  0  0  0  1  0  0  0  0  NONE  0  0  0  0  0  0  0  0  0  0  0  0  0  0  0  0  0  0  0  0  0  0  0  0  0  1  0  0  0  NONE  0  0  0  NONE  NONE  0  0  0  0  0  0  0  0  0  0  0xffffff
NONE  NODEVICE  0  0  0  463  0  0  0xffffff  0  0  0  0  0  0  1  0  0  0  0  NONE  0  0  0  0  0  0  0  0  0  0  0  0  0  0  0  0  0  0  0  0  0  0  0  0  0  1  0  0  0  NONE  0  0  0  NONE  NONE  0  0  0  0  0  0  0  0  0  0  0xffffff
NONE  NODEVICE  -0.5  0.5  0  463  0  0  0xffffff  0  0  0  0  0  0  1  0  0  0  0  NONE  0  0  0  0  0  0  0  0  0  0  0  0  0  0  0  0  0  0  0  0  0  0  0  0  0  1  0  0  0  NONE  0  0  0  NONE  NONE  0  0  0  0  0  0  0  0  0  0  0xffffff
NONE  NODEVICE  0  1  0  463  0  0  0x0  0  0  0  0  0  0  1  0  0  0  0  NONE  0  0  0  0  0  0  0  0  0  0  0  0  0  0  0  0  0  0  0  0  0  0  0  0  0  1  0  0  0  NONE  0  0  0  NONE  NONE  0  0  0  0  0  0  0  0  0  0  0x0
NONE  NODEVICE  -0.5  0.5  0  463  0  0  0x0  0  0  0  0  0  0  1  0  0  0  0  NONE  0  0  0  0  0  0  0  0  0  0  0  0  0  0  0  0  0  0  0  0  0  0  0  0  0  1  0  0  0  NONE  0  0  0  NONE  NONE  0  0  0  0  0  0  0  0  0  0  0x0
NONE  NODEVICE  -0.5  0.5  0  463  0  0  0x0  0  0  0  0  0  0  1  0  0  0  0  NONE  0  0  0  0  0  0  0  0  0  0  0  0  0  0  0  0  0  0  0  0  0  0  0  0  0  1  0  0  0  NONE  0  0  0  NONE  NONE  0  0  0  0  0  0  0  0  0  0  0x0
NONE  NODEVICE  -0.5  0.5  0  463  0  0  0x0  0  0  0  0  0  0  1  0  0  0  0  NONE  0  0  0  0  0  0  0  0  0  0  0  0  0  0  0  0  0  0  0  0  0  0  0  0  0  1  0  0  0  NONE  0  0  0  NONE  NONE  0  0  0  0  0  0  0  0  0  0  0x0
NONE  NODEVICE  -0.5  0.5  0  463  0  0  0x0  0  0  0  0  0  0  1  0  0  0  0  NONE  0  0  0  0  0  0  0  0  0  0  0  0  0  0  0  0  0  0  0  0  0  0  0  0  0  1  0  0  0  NONE  0  0  0  NONE  NONE  0  0  0  0  0  0  0  0  0  0  0x0
NONE  NODEVICE  -0.5  0.5  0  463  0  0  0x0  0  0  0  0  0  0  1  0  0  0  0  NONE  0  0  0  0  0  0  0  0  0  0  0  0  0  0  0  0  0  0  0  0  0  0  0  0  0  1  0  0  0  NONE  0  0  0  NONE  NONE  0  0  0  0  0  0  0  0  0  0  0x0
NONE  NODEVICE  0  0  0  463  0  0  0x0  0  0  0  0  0  0  1  0  0  0  0  NONE  0  0  0  0  0  0  0  0  0  0  0  0  0  0  0  0  0  0  0  0  0  0  0  0  0  1  0  0  0  NONE  0  0  0  NONE  NONE  0  0  0  0  0  0  0  0  0  0  0x0
0   0   0   0   0   0   0   0   0   0   0   0   0   0   0   0   0   0   0   0   0   0   0   0   0   0   0   0   0   0   0   0   0   0
0   0   0   0   0   0   0   0   0   0   0   0   0   0   0   0   0   0   0   0   0   0   0   0   0   0   0   0   0   0   0   0   0   0
0   0   0   0   0   0   0   0   0   0   0   0   0   0   0   0   0   0   0   0   0   0   0   0   0   0   0   0   0   0   0   0   0   0
0   0   0   0   0   0   0   0   0   0   0   0   0   0   0   0   0   0   0   0   0   0   0   0   0   0   0   0   0   0   0   0   0   0
0   0   0   0   0   0   0   0   0   0   0   0   0   0   0   0   0   0   0   0   0   0   0   0   0   0   0   0   0   0   0   0   0   0
0   0   0   0   0   0   0   0   0   0   0   0   0   0   0   0   0   0   0   0   0   0   0   0   0   0   0   0   0   0   0   0   0   0
0   0   0   0   0   0   0   0   0   0   0   0   0   0   0   0   0   0   0   0   0   0   0   0   0   0   0   0   0   0   0   0   0   0
0   0   0   0   0   0   0   0   0   0   0   0   0   0   0   0   0   0   0   0   0   0   0   0   0   0   0   0   0   0   0   0   0   0
0   0   0   0   0   0   0   0   0   0   0   0   0   0   0   0   0   0   0   0   0   0   0   0   0   0   0   0   0   0   0   0   0   0
0   0   0   0   0   0   0   0   0   0   0   0   0   0   0   0   0   0   0   0   0   0   0   0   0   0   0   0   0   0   0   0   0   0
0   0   0   0   0   0   0   0   0   0   0   0   0   0   0   0   0   0   0   0   0   0   0   0   0   0   0   0   0   0   0   0   0   0
0   0   0   0   0   0   0   0   0   0   0   0   0   0   0   0   0   0   0   0   0   0   0   0   0   0   0   0   0   0   0   0   0   0
0   0   0   0   0   0   0   0   0   0   0   0   0   0   0   0   0   0   0   0   0   0   0   0   0   0   0   0   0   0   0   0   0   0
0   0   0   0   0   0   0   0   0   0   0   0   0   0   0   0   0   0   0   0   0   0   0   0   0   0   0   0   0   0   0   0   0   0
0   0   0   0   0   0   0   0   0   0   0   0   0   0   0   0   0   0   0   0   0   0   0   0   0   0   0   0   0   0   0   0   0   0
0   0   0   0   0   0   0   0   0   0   0   0   0   0   0   0   0   0   0   0   0   0   0   0   0   0   0   0   0   0   0   0   0   0
0   0   0   0   0   0   0   0   0   0   0   0   0   0   0   0   0   0   0   0   0   0   0   0   0   0   0   0   0   0   0   0   0   0
0   0   0   0   0   0   0   0   0   0   0   0   0   0   0   0   0   0   0   0   0   0   0   0   0   0   0   0   0   0   0   0   0   0
0   0   0   0   0   0   0   0   0   0   0   0   0   0   0   0   0   0   0   0   0   0   0   0   0   0   0   0   0   0   0   0   0   0
0   0   0   0   0   0   0   0   0   0   0   0   0   0   0   0   0   0   0   0   0   0   0   0   0   0   0   0   0   0   0   0   0   0
0   0   0   0   0   0   0   0   0   0   0   0   0   0   0   0   0   0   0   0   0   0   0   0   0   0   0   0   0   0   0   0   0   0
0   0   0   0   0   0   0   0   0   0   0   0   0   0   0   0   0   0   0   0   0   0   0   0   0   0   0   0   0   0   0   0   0   0
0   0   0   0   0   0   0   0   0   0   0   0   0   0   0   0   0   0   0   0   0   0   0   0   0   0   0   0   0   0   0   0   0   0
10   30   4090   0x0   1   -1   -1   -1   -1   0
5  0  1  9  1  0   0   1   0   1   0   1.078999999999951   194.797   195.9848282843345   0   0   200   0   0   0

NONE
0xffff  67  100  0  NONE
0xffff  67  100  0  NONE
0xffff  85  100  0  NONE
0xffff  85  100  0  NONE
0xffff  103  100  0  NONE
0xffff  103  100  0  NONE
0xffff  121  100  0  NONE
0xffff  121  100  0  NONE
0xffff  139  100  0  NONE
0xffff  139  100  0  NONE
30   60  0   0   0   0   0   0   0  1  NONE  0  0  0  1
0  0  0  0  0  0  0  0  0  0  0  0  0  0  0  0  0  0  0  0
0  0  0  0  0  0  0  0  0  0  0  0  0  0  0  0  0  0  0  0
0  0  0  0  0  0  0  0  0  0  0  0  0  0  0  0  0  0  0  0
0   5  0   0   0   0   0   0   0  1  NONE  0  0  1  1
0  0  0  0  0  0  0  1  1  1  0  0  0  0  0  0  0  0  0  0
0  0  0  0  0  0  0  0  0  0  0  0  0  0  0  0  0  0  0  0
0  0  0  0  0  0  0  0  0  0  0  0  0  0  0  0  0  0  0  0
0   10  0   0   0   0   0   0   0  1  NONE  0  0  0  1
0  0  0  0  0  0  0  1  1  1  0  0  0  0  0  0  0  0  0  0
0  0  0  0  0  0  0  0  0  0  0  0  0  0  0  0  0  0  0  0
0  0  0  0  0  0  0  0  0  0  0  0  0  0  0  0  0  0  0  0
0   20  0   0   0   0   0   0   0  1  NONE  0  0  0  1
0  0  0  0  0  0  0  1  1  1  0  0  0  0  0  0  0  0  0  0
0  0  0  0  0  0  0  0  0  0  0  0  0  0  0  0  0  0  0  0
0  0  0  0  0  0  0  0  0  0  0  0  0  0  0  0  0  0  0  0
0   6  0   0   0   0   0   0   0  1  NONE  0  0  0  0
0  0  0  0  0  0  0  0  0  0  0  0  0  0  0  0  0  0  0  0
0  0  0  0  0  0  0  0  0  0  0  0  0  0  0  0  0  0  0  0
0  0  0  0  0  0  0  0  0  0  0  0  0  0  0  0  0  0  0  0
0   12  0   0   0   0   0   0   0  1  NONE  0  0  0  0
0  0  0  0  0  0  0  0  0  0  0  0  0  0  0  0  0  0  0  0
0  0  0  0  0  0  0  0  0  0  0  0  0  0  0  0  0  0  0  0
0  0  0  0  0  0  0  0  0  0  0  0  0  0  0  0  0  0  0  0
0   24  0   0   0   0   0   0   0  1  NONE  0  0  0  0
0  0  0  0  0  0  0  0  0  0  0  0  0  0  0  0  0  0  0  0
0  0  0  0  0  0  0  0  0  0  0  0  0  0  0  0  0  0  0  0
0  0  0  0  0  0  0  0  0  0  0  0  0  0  0  0  0  0  0  0
0   3  0   0   0   0   0   0   0  1  NONE  0  0  0  0
0  0  0  0  0  0  0  0  0  0  0  0  0  0  0  0  0  0  0  0
0  0  0  0  0  0  0  0  0  0  0  0  0  0  0  0  0  0  0  0
0  0  0  0  0  0  0  0  0  0  0  0  0  0  0  0  0  0  0  0
0   4  0   0   0   0   0   0   0  1  NONE  0  0  0  0
0  0  0  0  0  0  0  0  0  0  0  0  0  0  0  0  0  0  0  0
0  0  0  0  0  0  0  0  0  0  0  0  0  0  0  0  0  0  0  0
0  0  0  0  0  0  0  0  0  0  0  0  0  0  0  0  0  0  0  0
0   6  0   0   0   0   0   0   0  1  NONE  0  0  0  0
0  0  0  0  0  0  0  0  0  0  0  0  0  0  0  0  0  0  0  0
0  0  0  0  0  0  0  0  0  0  0  0  0  0  0  0  0  0  0  0
0  0  0  0  0  0  0  0  0  0  0  0  0  0  0  0  0  0  0  0
0   0.1  0   0   0   0   0   0   0  1  NONE  0  0  0  0
0  0  0  0  0  0  0  0  0  0  0  0  0  0  0  0  0  0  0  0
0  0  0  0  0  0  0  0  0  0  0  0  0  0  0  0  0  0  0  0
0  0  0  0  0  0  0  0  0  0  0  0  0  0  0  0  0  0  0  0
0   0.1  0   0   0   0   0   0   0  1  NONE  0  0  0  0
0  0  0  0  0  0  0  0  0  0  0  0  0  0  0  0  0  0  0  0
0  0  0  0  0  0  0  0  0  0  0  0  0  0  0  0  0  0  0  0
0  0  0  0  0  0  0  0  0  0  0  0  0  0  0  0  0  0  0  0
0   0.1  0   0   0   0   0   0   0  1  NONE  0  0  0  0
0  0  0  0  0  0  0  0  0  0  0  0  0  0  0  0  0  0  0  0
0  0  0  0  0  0  0  0  0  0  0  0  0  0  0  0  0  0  0  0
0  0  0  0  0  0  0  0  0  0  0  0  0  0  0  0  0  0  0  0
0   2  0   0   0   0   0   0   0  1  NONE  0  0  0  0
0  0  0  0  0  0  0  0  0  0  0  0  0  0  0  0  0  0  0  0
0  0  0  0  0  0  0  0  0  0  0  0  0  0  0  0  0  0  0  0
0  0  0  0  0  0  0  0  0  0  0  0  0  0  0  0  0  0  0  0
0   1  0   0   0   0   0   0   0  1  NONE  0  0  0  0
0  0  0  0  0  0  0  0  0  0  0  0  0  0  0  0  0  0  0  0
0  0  0  0  0  0  0  0  0  0  0  0  0  0  0  0  0  0  0  0
0  0  0  0  0  0  0  0  0  0  0  0  0  0  0  0  0  0  0  0
0   4  0   0   0   0   0   0   0  1  NONE  0  0  0  0
0  0  0  0  0  0  0  0  0  0  0  0  0  0  0  0  0  0  0  0
0  0  0  0  0  0  0  0  0  0  0  0  0  0  0  0  0  0  0  0
0  0  0  0  0  0  0  0  0  0  0  0  0  0  0  0  0  0  0  0
0   1  0   0   0   0   0   0   0  1  NONE  0  0  0  0
0  0  0  0  0  0  0  0  0  0  0  0  0  0  0  0  0  0  0  0
0  0  0  0  0  0  0  0  0  0  0  0  0  0  0  0  0  0  0  0
0  0  0  0  0  0  0  0  0  0  0  0  0  0  0  0  0  0  0  0
0   1  0   0   0   0   0   0   0  1  NONE  0  0  0  0
0  0  0  0  0  0  0  0  0  0  0  0  0  0  0  0  0  0  0  0
0  0  0  0  0  0  0  0  0  0  0  0  0  0  0  0  0  0  0  0
0  0  0  0  0  0  0  0  0  0  0  0  0  0  0  0  0  0  0  0
0   10  0   0   0   0   0   0   0  1  NONE  0  0  0  0
0  0  0  0  0  0  0  0  0  0  0  0  0  0  0  0  0  0  0  0
0  0  0  0  0  0  0  0  0  0  0  0  0  0  0  0  0  0  0  0
0  0  0  0  0  0  0  0  0  0  0  0  0  0  0  0  0  0  0  0
0   10  0   0   0   0   0   0   0  1  NONE  0  0  0  0
0  0  0  0  0  0  0  0  0  0  0  0  0  0  0  0  0  0  0  0
0  0  0  0  0  0  0  0  0  0  0  0  0  0  0  0  0  0  0  0
0  0  0  0  0  0  0  0  0  0  0  0  0  0  0  0  0  0  0  0
0   10  0   0   0   0   0   0   0  1  NONE  0  0  0  0
0  0  0  0  0  0  0  0  0  0  0  0  0  0  0  0  0  0  0  0
0  0  0  0  0  0  0  0  0  0  0  0  0  0  0  0  0  0  0  0
0  0  0  0  0  0  0  0  0  0  0  0  0  0  0  0  0  0  0  0
0   10  0   0   0   0   0   0   0  1  NONE  0  0  0  0
0  0  0  0  0  0  0  0  0  0  0  0  0  0  0  0  0  0  0  0
0  0  0  0  0  0  0  0  0  0  0  0  0  0  0  0  0  0  0  0
0  0  0  0  0  0  0  0  0  0  0  0  0  0  0  0  0  0  0  0
0   10  0   0   0   0   0   0   0  1  NONE  0  0  0  0
0  0  0  0  0  0  0  0  0  0  0  0  0  0  0  0  0  0  0  0
0  0  0  0  0  0  0  0  0  0  0  0  0  0  0  0  0  0  0  0
0  0  0  0  0  0  0  0  0  0  0  0  0  0  0  0  0  0  0  0
0   10  0   0   0   0   0   0   0  1  NONE  0  0  0  0
0  0  0  0  0  0  0  0  0  0  0  0  0  0  0  0  0  0  0  0
0  0  0  0  0  0  0  0  0  0  0  0  0  0  0  0  0  0  0  0
0  0  0  0  0  0  0  0  0  0  0  0  0  0  0  0  0  0  0  0
0   10  0   0   0   0   0   0   0  1  NONE  0  0  0  0
0  0  0  0  0  0  0  0  0  0  0  0  0  0  0  0  0  0  0  0
0  0  0  0  0  0  0  0  0  0  0  0  0  0  0  0  0  0  0  0
0  0  0  0  0  0  0  0  0  0  0  0  0  0  0  0  0  0  0  0
0   10  0   0   0   0   0   0   0  1  NONE  0  0  0  0
0  0  0  0  0  0  0  0  0  0  0  0  0  0  0  0  0  0  0  0
0  0  0  0  0  0  0  0  0  0  0  0  0  0  0  0  0  0  0  0
0  0  0  0  0  0  0  0  0  0  0  0  0  0  0  0  0  0  0  0
0   10  0   0   0   0   0   0   0  1  NONE  0  0  0  0
0  0  0  0  0  0  0  0  0  0  0  0  0  0  0  0  0  0  0  0
0  0  0  0  0  0  0  0  0  0  0  0  0  0  0  0  0  0  0  0
0  0  0  0  0  0  0  0  0  0  0  0  0  0  0  0  0  0  0  0
0   10  0   0   0   0   0   0   0  1  NONE  0  0  0  0
0  0  0  0  0  0  0  0  0  0  0  0  0  0  0  0  0  0  0  0
0  0  0  0  0  0  0  0  0  0  0  0  0  0  0  0  0  0  0  0
0  0  0  0  0  0  0  0  0  0  0  0  0  0  0  0  0  0  0  0
0   10  0   0   0   0   0   0   0  1  NONE  0  0  0  0
0  0  0  0  0  0  0  0  0  0  0  0  0  0  0  0  0  0  0  0
0  0  0  0  0  0  0  0  0  0  0  0  0  0  0  0  0  0  0  0
0  0  0  0  0  0  0  0  0  0  0  0  0  0  0  0  0  0  0  0
0   10  0   0   0   0   0   0   0  1  NONE  0  0  0  0
0  0  0  0  0  0  0  0  0  0  0  0  0  0  0  0  0  0  0  0
0  0  0  0  0  0  0  0  0  0  0  0  0  0  0  0  0  0  0  0
0  0  0  0  0  0  0  0  0  0  0  0  0  0  0  0  0  0  0  0
0   10  0   0   0   0   0   0   0  1  NONE  0  0  0  0
0  0  0  0  0  0  0  0  0  0  0  0  0  0  0  0  0  0  0  0
0  0  0  0  0  0  0  0  0  0  0  0  0  0  0  0  0  0  0  0
0  0  0  0  0  0  0  0  0  0  0  0  0  0  0  0  0  0  0  0
0   10  0   0   0   0   0   0   0  1  NONE  0  0  0  0
0  0  0  0  0  0  0  0  0  0  0  0  0  0  0  0  0  0  0  0
0  0  0  0  0  0  0  0  0  0  0  0  0  0  0  0  0  0  0  0
0  0  0  0  0  0  0  0  0  0  0  0  0  0  0  0  0  0  0  0
0   10  0   0   0   0   0   0   0  1  NONE  0  0  0  0
0  0  0  0  0  0  0  0  0  0  0  0  0  0  0  0  0  0  0  0
0  0  0  0  0  0  0  0  0  0  0  0  0  0  0  0  0  0  0  0
0  0  0  0  0  0  0  0  0  0  0  0  0  0  0  0  0  0  0  0
0   10  0   0   0   0   0   0   0  1  NONE  0  0  0  0
0  0  0  0  0  0  0  0  0  0  0  0  0  0  0  0  0  0  0  0
0  0  0  0  0  0  0  0  0  0  0  0  0  0  0  0  0  0  0  0
0  0  0  0  0  0  0  0  0  0  0  0  0  0  0  0  0  0  0  0
0.5   1  0   0   0   0   0   0   0  1  NONE  0  0  0  0
0  0  0  0  0  0  0  0  0  0  0  0  0  0  0  0  0  0  0  0
0  0  0  0  0  0  0  0  0  0  0  0  0  0  0  0  0  0  0  0
0  0  0  0  0  0  0  0  0  0  0  0  0  0  0  0  0  0  0  0
0   1  0   0   0   0   0   0   0  1  NONE  0  0  0  0
0  0  0  0  0  0  0  0  0  0  0  0  0  0  0  0  0  0  0  0
0  0  0  0  0  0  0  0  0  0  0  0  0  0  0  0  0  0  0  0
0  0  0  0  0  0  0  0  0  0  0  0  0  0  0  0  0  0  0  0
0   1  0   0   0   0   0   0   0  1  NONE  0  0  0  0
0  0  0  0  0  0  0  0  0  0  0  0  0  0  0  0  0  0  0  0
0  0  0  0  0  0  0  0  0  0  0  0  0  0  0  0  0  0  0  0
0  0  0  0  0  0  0  0  0  0  0  0  0  0  0  0  0  0  0  0
0   1  0   0   0   0   0   0   0  1  NONE  0  0  0  0
0  0  0  0  0  0  0  0  0  0  0  0  0  0  0  0  0  0  0  0
0  0  0  0  0  0  0  0  0  0  0  0  0  0  0  0  0  0  0  0
0  0  0  0  0  0  0  0  0  0  0  0  0  0  0  0  0  0  0  0
0   1  0   0   0   0   0   0   0  1  NONE  0  0  0  0
0  0  0  0  0  0  0  0  0  0  0  0  0  0  0  0  0  0  0  0
0  0  0  0  0  0  0  0  0  0  0  0  0  0  0  0  0  0  0  0
0  0  0  0  0  0  0  0  0  0  0  0  0  0  0  0  0  0  0  0
0   1  0   0   0   0   0   0   0  1  NONE  0  0  0  0
0  0  0  0  0  0  0  0  0  0  0  0  0  0  0  0  0  0  0  0
0  0  0  0  0  0  0  0  0  0  0  0  0  0  0  0  0  0  0  0
0  0  0  0  0  0  0  0  0  0  0  0  0  0  0  0  0  0  0  0
0   10  0   0   0   0   0   0   0  1  NONE  0  0  0  0
0  0  0  0  0  0  0  0  0  0  0  0  0  0  0  0  0  0  0  0
0  0  0  0  0  0  0  0  0  0  0  0  0  0  0  0  0  0  0  0
0  0  0  0  0  0  0  0  0  0  0  0  0  0  0  0  0  0  0  0
1  0  1  0  0  485  15  296  560  0  0  5  1  0  0
-1  -1  -1  -1  630  60  170  485  0  0  100  0  0  0  0
11.34400000000005  16  16  0  0  0  0  0  1  485  15  400  560  0  0  0  485  555  15  435
0  0  0  0  0  0  0  0  0  0  0  0  0  0  0  0  0  0  0  0
485  15  400  600  0  0  0.2  10  1000  0  0  0  1  1  0  0  0  0  0  1800
NONE
NONE
NONE
NONE
NONE
NONE
NONE
NONE
NONE
NONE
0xffff  157  100  0  NONE
0xffff  157  100  0  NONE
0xffff  175  100  0  NONE
0xffff  175  100  0  NONE
0xffff  193  100  0  NONE
0xffff  193  100  0  NONE
0xffff  211  100  0  NONE
0xffff  211  100  0  NONE
0xffff  229  100  0  NONE
0xffff  229  100  0  NONE
0xffff  247  100  0  NONE
0xffff  247  100  0  NONE
0xffff  265  100  0  NONE
0xffff  265  100  0  NONE
0xffff  283  100  0  NONE
0xffff  283  100  0  NONE
0xffff  301  100  0  NONE
0xffff  301  100  0  NONE
0xffff  319  100  0  NONE
0xffff  319  100  0  NONE
customlists 29
0 NONE NONE NONE NONE NONE NONE NONE
1 NONE NONE NONE NONE NONE NONE NONE
2 NONE NONE NONE NONE NONE NONE NONE
3 NONE NONE NONE NONE NONE NONE NONE
4 NONE NONE NONE NONE NONE NONE NONE
5 NONE NONE NONE NONE NONE NONE NONE
6 NONE NONE NONE NONE NONE NONE NONE
7 NONE NONE NONE NONE NONE NONE NONE
8 NONE NONE NONE NONE NONE NONE NONE
9 NONE NONE NONE NONE NONE NONE NONE
10 NONE NONE NONE NONE NONE NONE NONE
11 NONE NONE NONE NONE NONE NONE NONE
12 NONE NONE NONE NONE NONE NONE NONE
13 NONE NONE NONE NONE NONE NONE NONE
14 NONE NONE NONE NONE NONE NONE NONE
15 NONE NONE NONE NONE NONE NONE NONE
16 NONE NONE NONE NONE NONE NONE NONE
17 NONE NONE NONE NONE NONE NONE NONE
18 NONE NONE NONE NONE NONE NONE NONE
19 NONE NONE NONE NONE NONE NONE NONE
20 NONE NONE NONE NONE NONE NONE NONE
21 NONE NONE NONE NONE NONE NONE NONE
22 NONE NONE NONE NONE NONE NONE NONE
23 NONE NONE NONE NONE NONE NONE NONE
24 NONE NONE NONE NONE NONE NONE NONE
25 NONE NONE NONE NONE NONE NONE NONE
26 NONE NONE NONE NONE NONE NONE NONE
27 NONE NONE NONE NONE NONE NONE NONE
28 NONE NONE NONE NONE NONE NONE NONE
-1,0,0,0
-1,0,0,0
-1,0,0,0
-1,0,0,0
-1,0,0,0
-1,0,0,0
-1,0,0,0
