TEMPERATURE	RESSIST	CURRENT	VOLTAGE	PT temp	0.000000	Tesla
9.998796E+0	28.489210E-6	1e-5	284.892100E-12	3.921000
10.500015E+0	322.038500E-6	1e-5	3.220385E-9	3.919000
10.999783E+0	186.123500E-6	1e-5	1.861235E-9	3.920000
11.500043E+0	113.757000E-6	1e-5	1.137570E-9	3.919000
11.999384E+0	11.258940E-6	1e-5	112.589400E-12	3.919000
12.499500E+0	14.579040E-6	1e-5	145.790400E-12	3.918000
12.999486E+0	59.185060E-6	1e-5	591.850600E-12	3.918000
13.400920E+0	47.761510E-6	1e-5	477.615100E-12	3.920000
13.999426E+0	258.589500E-6	1e-5	2.585895E-9	3.918000
14.499309E+0	121.446000E-6	1e-5	1.214460E-9	3.920000
14.998541E+0	221.437600E-6	1e-5	2.214376E-9	3.921000
15.499610E+0	-141.432300E-6	1e-5	-1.414323E-9	3.920000
16.000148E+0	-22.927040E-6	1e-5	-229.270400E-12	3.921000
16.501140E+0	229.281600E-6	1e-5	2.292816E-9	3.921000
16.999252E+0	-99.567420E-6	1e-5	-995.674200E-12	3.920000
17.501630E+0	-14.803760E-6	1e-5	-148.037600E-12	3.920000
17.999770E+0	-43.258020E-6	1e-5	-432.580200E-12	3.919000
18.500441E+0	-206.244500E-6	1e-5	-2.062445E-9	3.920000
19.000244E+0	-14.783820E-6	1e-5	-147.838200E-12	3.918000
19.499691E+0	-13.395810E-6	1e-5	-133.958100E-12	3.920000
20.000000E+0	59.140250E-6	1e-5	591.402500E-12	3.921000
20.500000E+0	-33.546940E-6	1e-5	-335.469400E-12	3.921000
21.000000E+0	230.674500E-6	1e-5	2.306745E-9	3.919000
21.500000E+0	105.643600E-6	1e-5	1.056436E-9	3.920000
22.000000E+0	173.451500E-6	1e-5	1.734515E-9	3.918000
22.500000E+0	-229.171600E-6	1e-5	-2.291716E-9	3.917000
23.000000E+0	-269.264300E-6	1e-5	-2.692643E-9	3.921000
23.500000E+0	-46.493340E-6	1e-5	-464.933400E-12	3.921000
24.000000E+0	451.847300E-6	1e-5	4.518473E-9	3.919000
24.500000E+0	145.576400E-6	1e-5	1.455764E-9	3.918000
25.000000E+0	-125.525100E-6	1e-5	-1.255251E-9	3.918000
25.500000E+0	233.355600E-6	1e-5	2.333556E-9	3.919000
26.000000E+0	162.457200E-6	1e-5	1.624572E-9	3.917000
26.500000E+0	-8.383160E-6	1e-5	-83.831600E-12	3.919000
27.000000E+0	251.894000E-6	1e-5	2.518940E-9	3.920000
27.500000E+0	188.414900E-6	1e-5	1.884149E-9	3.919000
28.000000E+0	176.791600E-6	1e-5	1.767916E-9	3.919000
28.500000E+0	743.454700E-6	1e-5	7.434547E-9	3.917000
29.000000E+0	2.957677E-3	1e-5	29.576770E-9	3.918000
29.283088E+0	11.136500E-3	1e-5	111.365000E-9	3.917000
30.000000E+0	40.104060E-3	1e-5	401.040600E-9	3.917000
30.500000E+0	125.540300E-3	1e-5	1.255403E-6	3.919000
31.000000E+0	342.986600E-3	1e-5	3.429866E-6	3.919000
31.500000E+0	660.808400E-3	1e-5	6.608084E-6	3.920000
32.000000E+0	1.128053E+0	1e-5	11.280530E-6	3.921000
32.500000E+0	1.828002E+0	1e-5	18.280020E-6	3.920000
33.000000E+0	3.036067E+0	1e-5	30.360670E-6	3.922000
33.500000E+0	4.717712E+0	1e-5	47.177120E-6	3.921000
34.000000E+0	6.105754E+0	1e-5	61.057540E-6	3.921000
34.500000E+0	6.915078E+0	1e-5	69.150780E-6	3.919000
NaN
35.000000E+0	7.383977E+0	1e-5	73.839770E-6	3.920000
34.500000E+0	6.944638E+0	1e-5	69.446380E-6	3.918000
34.000000E+0	6.158886E+0	1e-5	61.588860E-6	3.919000
33.500000E+0	4.810730E+0	1e-5	48.107300E-6	3.918000
33.000000E+0	3.137943E+0	1e-5	31.379430E-6	3.922000
32.500000E+0	1.889877E+0	1e-5	18.898770E-6	3.922000
32.000000E+0	1.160428E+0	1e-5	11.604280E-6	3.921000
31.500000E+0	681.020300E-3	1e-5	6.810203E-6	3.921000
31.000000E+0	356.885900E-3	1e-5	3.568859E-6	3.922000
30.500000E+0	131.799100E-3	1e-5	1.317991E-6	3.921000
30.000000E+0	41.965660E-3	1e-5	419.656600E-9	3.921000
29.500000E+0	11.797240E-3	1e-5	117.972400E-9	3.924000
29.000000E+0	3.407023E-3	1e-5	34.070230E-9	3.923000
28.500000E+0	876.184500E-6	1e-5	8.761845E-9	3.921000
28.000000E+0	83.600200E-6	1e-5	836.002000E-12	3.920000
27.500000E+0	-14.698930E-6	1e-5	-146.989300E-12	3.922000
27.000000E+0	11.084120E-6	1e-5	110.841200E-12	3.921000
26.500000E+0	235.347800E-6	1e-5	2.353478E-9	3.921000
26.000000E+0	-30.720950E-6	1e-5	-307.209500E-12	3.923000
25.500000E+0	-219.735100E-6	1e-5	-2.197351E-9	3.921000
25.000000E+0	-212.215900E-6	1e-5	-2.122159E-9	3.921000
24.500000E+0	-27.076200E-6	1e-5	-270.762000E-12	3.923000
24.000000E+0	-211.092500E-6	1e-5	-2.110925E-9	3.921000
23.500000E+0	44.526180E-6	1e-5	445.261800E-12	3.920000
23.000000E+0	135.560700E-6	1e-5	1.355607E-9	3.919000
22.500000E+0	-20.236020E-6	1e-5	-202.360200E-12	3.919000
22.000000E+0	159.626200E-6	1e-5	1.596262E-9	3.919000
21.500000E+0	-118.660000E-6	1e-5	-1.186600E-9	3.919000
21.000000E+0	245.073800E-6	1e-5	2.450738E-9	3.920000
20.349265E+0	-171.614100E-6	1e-5	-1.716141E-9	3.920000
19.998147E+0	105.773400E-6	1e-5	1.057734E-9	3.919000
19.498971E+0	72.061730E-6	1e-5	720.617300E-12	3.920000
18.998252E+0	15.218200E-6	1e-5	152.182000E-12	3.919000
18.499756E+0	-90.160810E-6	1e-5	-901.608100E-12	3.919000
17.999316E+0	63.758640E-6	1e-5	637.586400E-12	3.918000
17.499904E+0	-228.437700E-6	1e-5	-2.284377E-9	3.921000
17.000140E+0	-105.848300E-6	1e-5	-1.058483E-9	3.919000
16.501375E+0	217.792900E-6	1e-5	2.177929E-9	3.923000
15.999265E+0	-164.134800E-6	1e-5	-1.641348E-9	3.922000
15.500570E+0	-289.205600E-6	1e-5	-2.892056E-9	3.922000
14.999689E+0	-359.005600E-6	1e-5	-3.590056E-9	3.919000
14.500037E+0	-55.570360E-6	1e-5	-555.703600E-12	3.921000
13.997993E+0	-349.504200E-6	1e-5	-3.495042E-9	3.918000
13.499311E+0	-74.478280E-6	1e-5	-744.782800E-12	3.918000
13.000132E+0	-94.539530E-6	1e-5	-945.395300E-12	3.921000
12.499581E+0	-166.756100E-6	1e-5	-1.667561E-9	3.923000
11.999993E+0	-29.692470E-6	1e-5	-296.924700E-12	3.922000
11.499500E+0	57.702320E-6	1e-5	577.023200E-12	3.923000
11.000000E+0	-164.044900E-6	1e-5	-1.640449E-9	3.922000
10.498044E+0	35.928520E-6	1e-5	359.285200E-12	3.921000
NaN
