TEMPERATURE	RESSIST	CURRENT	VOLTAGE	PT temp	0.000000	Tesla
24.000000E+0	1.767360E-6	1e-5	17.673600E-12	3.921000
24.100000E+0	152.906600E-6	1e-5	1.529066E-9	3.923000
24.200000E+0	118.198500E-6	1e-5	1.181985E-9	3.923000
24.300000E+0	82.681060E-6	1e-5	826.810600E-12	3.922000
24.400000E+0	-132.826500E-6	1e-5	-1.328265E-9	3.925000
24.500000E+0	46.106000E-6	1e-5	461.060000E-12	3.925000
24.600438E+0	125.627100E-6	1e-5	1.256271E-9	3.923000
24.700000E+0	-53.200210E-6	1e-5	-532.002100E-12	3.923000
24.800000E+0	412.787500E-6	1e-5	4.127875E-9	3.921000
24.900000E+0	73.455230E-6	1e-5	734.552300E-12	3.921000
25.000000E+0	-145.053100E-6	1e-5	-1.450531E-9	3.921000
25.103704E+0	112.781400E-6	1e-5	1.127814E-9	3.920000
25.200000E+0	46.989870E-6	1e-5	469.898700E-12	3.921000
25.303456E+0	159.666000E-6	1e-5	1.596660E-9	3.921000
25.400000E+0	-62.216990E-6	1e-5	-622.169900E-12	3.924000
25.500000E+0	-35.816360E-6	1e-5	-358.163600E-12	3.923000
25.600000E+0	152.866300E-6	1e-5	1.528663E-9	3.924000
25.704667E+0	4.652965E-6	1e-5	46.529650E-12	3.923000
25.800000E+0	-41.417900E-6	1e-5	-414.179000E-12	3.924000
25.900000E+0	144.793400E-6	1e-5	1.447934E-9	3.921000
26.000000E+0	142.047500E-6	1e-5	1.420475E-9	3.920000
26.101471E+0	118.842100E-6	1e-5	1.188421E-9	3.923000
26.200000E+0	43.260070E-6	1e-5	432.600700E-12	3.923000
26.300000E+0	99.845730E-6	1e-5	998.457300E-12	3.925000
26.401852E+0	-17.114410E-6	1e-5	-171.144100E-12	3.926000
26.500000E+0	-65.876240E-6	1e-5	-658.762400E-12	3.924000
26.601704E+0	-215.437800E-6	1e-5	-2.154378E-9	3.925000
26.504191E+0	-79.890680E-6	1e-5	-798.906800E-12	3.924000
26.800000E+0	153.889900E-6	1e-5	1.538899E-9	3.925000
26.900000E+0	201.723200E-6	1e-5	2.017232E-9	3.927000
27.000000E+0	-7.843215E-6	1e-5	-78.432150E-12	3.924000
27.102279E+0	36.575400E-6	1e-5	365.754000E-12	3.925000
27.200000E+0	-76.260860E-6	1e-5	-762.608600E-12	3.923000
27.102174E+0	-97.199520E-6	1e-5	-971.995200E-12	3.923000
27.400000E+0	-382.637700E-6	1e-5	-3.826377E-9	3.924000
27.502609E+0	6.999570E-6	1e-5	69.995700E-12	3.925000
27.600000E+0	-7.059465E-6	1e-5	-70.594650E-12	3.925000
27.700000E+0	-119.815700E-6	1e-5	-1.198157E-9	3.923000
27.800000E+0	-131.758100E-6	1e-5	-1.317581E-9	3.922000
27.901957E+0	112.426700E-6	1e-5	1.124267E-9	3.924000
28.000000E+0	168.013500E-6	1e-5	1.680135E-9	3.922000
28.100000E+0	-5.446935E-6	1e-5	-54.469350E-12	3.924000
28.200000E+0	239.866500E-6	1e-5	2.398665E-9	3.923000
28.300000E+0	542.348800E-6	1e-5	5.423488E-9	3.924000
28.400000E+0	558.324900E-6	1e-5	5.583249E-9	3.923000
28.500000E+0	698.690000E-6	1e-5	6.986900E-9	3.926000
28.600000E+0	772.739500E-6	1e-5	7.727395E-9	3.924000
28.703630E+0	1.213455E-3	1e-5	12.134550E-9	3.926000
28.804088E+0	1.688959E-3	1e-5	16.889590E-9	3.923000
28.900000E+0	2.591589E-3	1e-5	25.915890E-9	3.924000
29.000000E+0	3.394588E-3	1e-5	33.945880E-9	3.923000
29.102574E+0	4.108281E-3	1e-5	41.082810E-9	3.924000
29.200000E+0	5.296704E-3	1e-5	52.967040E-9	3.924000
29.303015E+0	6.508206E-3	1e-5	65.082060E-9	3.924000
29.400000E+0	8.637896E-3	1e-5	86.378960E-9	3.926000
29.500000E+0	11.670570E-3	1e-5	116.705700E-9	3.927000
29.600000E+0	15.114720E-3	1e-5	151.147200E-9	3.928000
29.700000E+0	19.969080E-3	1e-5	199.690800E-9	3.928000
29.800000E+0	26.388030E-3	1e-5	263.880300E-9	3.929000
29.907426E+0	32.466540E-3	1e-5	324.665400E-9	3.929000
30.004412E+0	41.417670E-3	1e-5	414.176700E-9	3.927000
30.100000E+0	54.745870E-3	1e-5	547.458700E-9	3.929000
30.206667E+0	66.135500E-3	1e-5	661.355000E-9	3.930000
30.300000E+0	85.768900E-3	1e-5	857.689000E-9	3.929000
30.400000E+0	106.101500E-3	1e-5	1.061015E-6	3.928000
30.503971E+0	128.935400E-3	1e-5	1.289354E-6	3.927000
30.606471E+0	159.144100E-3	1e-5	1.591441E-6	3.924000
30.700000E+0	208.395000E-3	1e-5	2.083950E-6	3.930000
30.800000E+0	258.453600E-3	1e-5	2.584536E-6	3.929000
30.900000E+0	313.098800E-3	1e-5	3.130988E-6	3.929000
31.000667E+0	359.241800E-3	1e-5	3.592418E-6	3.930000
31.105368E+0	412.138200E-3	1e-5	4.121382E-6	3.928000
31.200000E+0	471.211300E-3	1e-5	4.712113E-6	3.927000
31.300000E+0	534.201300E-3	1e-5	5.342013E-6	3.928000
31.400000E+0	607.416100E-3	1e-5	6.074161E-6	3.928000
31.510000E+0	677.089900E-3	1e-5	6.770899E-6	3.929000
31.600000E+0	772.244600E-3	1e-5	7.722446E-6	3.929000
31.700662E+0	852.139800E-3	1e-5	8.521398E-6	3.929000
31.800000E+0	944.452100E-3	1e-5	9.444521E-6	3.928000
31.900000E+0	1.052532E+0	1e-5	10.525320E-6	3.931000
32.000000E+0	1.176125E+0	1e-5	11.761250E-6	3.931000
32.100000E+0	1.296948E+0	1e-5	12.969480E-6	3.932000
32.204191E+0	1.406356E+0	1e-5	14.063560E-6	3.931000
32.300000E+0	1.568842E+0	1e-5	15.688420E-6	3.933000
32.400000E+0	1.720079E+0	1e-5	17.200790E-6	3.931000
32.506250E+0	1.872558E+0	1e-5	18.725580E-6	3.931000
32.600000E+0	2.092514E+0	1e-5	20.925140E-6	3.930000
32.708162E+0	2.287347E+0	1e-5	22.873470E-6	3.931000
32.800000E+0	2.598842E+0	1e-5	25.988420E-6	3.933000
32.900000E+0	2.864063E+0	1e-5	28.640630E-6	3.929000
33.009559E+0	3.135450E+0	1e-5	31.354500E-6	3.929000
33.100000E+0	3.494650E+0	1e-5	34.946500E-6	3.931000
33.200000E+0	3.849111E+0	1e-5	38.491110E-6	3.930000
33.300000E+0	4.218715E+0	1e-5	42.187150E-6	3.932000
33.401176E+0	4.524297E+0	1e-5	45.242970E-6	3.934000
33.500000E+0	4.891029E+0	1e-5	48.910290E-6	3.934000
33.600000E+0	5.213005E+0	1e-5	52.130050E-6	3.932000
33.702296E+0	5.455820E+0	1e-5	54.558200E-6	3.932000
33.800000E+0	5.728285E+0	1e-5	57.282850E-6	3.930000
33.900000E+0	5.957072E+0	1e-5	59.570720E-6	3.927000
34.000000E+0	6.186794E+0	1e-5	61.867940E-6	3.928000
34.103852E+0	6.350048E+0	1e-5	63.500480E-6	3.931000
34.200000E+0	6.537370E+0	1e-5	65.373700E-6	3.928000
34.310000E+0	6.670380E+0	1e-5	66.703800E-6	3.929000
34.400000E+0	6.823958E+0	1e-5	68.239580E-6	3.927000
34.500000E+0	6.951742E+0	1e-5	69.517420E-6	3.930000
34.600000E+0	7.063994E+0	1e-5	70.639940E-6	3.928000
34.708897E+0	7.152878E+0	1e-5	71.528780E-6	3.928000
34.800000E+0	7.252705E+0	1e-5	72.527050E-6	3.929000
34.900000E+0	7.334356E+0	1e-5	73.343560E-6	3.927000
35.000000E+0	7.408969E+0	1e-5	74.089690E-6	3.927000
35.100000E+0	7.478478E+0	1e-5	74.784780E-6	3.926000
35.205809E+0	7.535299E+0	1e-5	75.352990E-6	3.927000
35.300000E+0	7.602333E+0	1e-5	76.023330E-6	3.925000
35.400000E+0	7.658123E+0	1e-5	76.581230E-6	3.925000
35.500000E+0	7.711285E+0	1e-5	77.112850E-6	3.928000
35.338235E+0	7.764026E+0	1e-5	77.640260E-6	3.928000
35.700000E+0	7.813631E+0	1e-5	78.136310E-6	3.929000
35.536765E+0	7.861634E+0	1e-5	78.616340E-6	3.928000
35.900000E+0	7.901310E+0	1e-5	79.013100E-6	3.926000
36.010000E+0	7.936253E+0	1e-5	79.362530E-6	3.926000
36.100000E+0	7.983603E+0	1e-5	79.836030E-6	3.928000
36.200000E+0	8.018257E+0	1e-5	80.182570E-6	3.928000
36.300000E+0	8.058739E+0	1e-5	80.587390E-6	3.927000
36.400725E+0	8.086314E+0	1e-5	80.863140E-6	3.927000
36.501884E+0	8.113872E+0	1e-5	81.138720E-6	3.927000
36.600000E+0	8.146369E+0	1e-5	81.463690E-6	3.925000
36.430147E+0	8.178291E+0	1e-5	81.782910E-6	3.926000
36.800000E+0	8.207085E+0	1e-5	82.070850E-6	3.926000
36.900000E+0	8.233852E+0	1e-5	82.338520E-6	3.925000
37.009044E+0	8.255833E+0	1e-5	82.558330E-6	3.926000
37.100000E+0	8.284048E+0	1e-5	82.840480E-6	3.927000
37.200000E+0	8.308209E+0	1e-5	83.082090E-6	3.925000
37.300000E+0	8.332472E+0	1e-5	83.324720E-6	3.929000
37.410000E+0	8.352949E+0	1e-5	83.529490E-6	3.926000
37.500000E+0	8.375444E+0	1e-5	83.754440E-6	3.924000
37.605407E+0	8.394216E+0	1e-5	83.942160E-6	3.926000
37.700000E+0	8.417743E+0	1e-5	84.177430E-6	3.925000
37.800000E+0	8.437329E+0	1e-5	84.373290E-6	3.926000
37.900000E+0	8.459189E+0	1e-5	84.591890E-6	3.928000
38.000000E+0	8.479378E+0	1e-5	84.793780E-6	3.927000
38.106985E+0	8.493518E+0	1e-5	84.935180E-6	3.927000
38.200000E+0	8.513192E+0	1e-5	85.131920E-6	3.929000
38.300000E+0	8.530876E+0	1e-5	85.308760E-6	3.926000
38.400000E+0	8.548000E+0	1e-5	85.480000E-6	3.925000
38.500000E+0	8.564739E+0	1e-5	85.647390E-6	3.926000
38.600000E+0	8.581181E+0	1e-5	85.811810E-6	3.925000
38.700000E+0	8.597194E+0	1e-5	85.971940E-6	3.925000
38.800000E+0	8.613438E+0	1e-5	86.134380E-6	3.924000
38.900000E+0	8.628662E+0	1e-5	86.286620E-6	3.926000
39.010000E+0	8.641988E+0	1e-5	86.419880E-6	3.925000
39.100000E+0	8.659674E+0	1e-5	86.596740E-6	3.930000
39.200000E+0	8.674042E+0	1e-5	86.740420E-6	3.928000
39.300000E+0	8.688543E+0	1e-5	86.885430E-6	3.926000
39.400000E+0	8.702056E+0	1e-5	87.020560E-6	3.926000
39.500000E+0	8.716331E+0	1e-5	87.163310E-6	3.928000
39.602794E+0	8.727332E+0	1e-5	87.273320E-6	3.925000
39.700000E+0	8.742463E+0	1e-5	87.424630E-6	3.930000
39.800000E+0	8.756104E+0	1e-5	87.561040E-6	3.926000
39.903824E+0	8.766577E+0	1e-5	87.665770E-6	3.926000
40.000000E+0	8.780807E+0	1e-5	87.808070E-6	3.925000
40.100000E+0	8.794055E+0	1e-5	87.940550E-6	3.928000
40.200000E+0	8.807193E+0	1e-5	88.071930E-6	3.927000
40.003676E+0	8.819318E+0	1e-5	88.193180E-6	3.928000
40.400000E+0	8.830909E+0	1e-5	88.309090E-6	3.929000
40.500000E+0	8.842738E+0	1e-5	88.427380E-6	3.927000
40.600000E+0	8.854704E+0	1e-5	88.547040E-6	3.927000
40.700000E+0	8.865952E+0	1e-5	88.659520E-6	3.928000
40.800000E+0	8.877022E+0	1e-5	88.770220E-6	3.926000
40.900000E+0	8.888619E+0	1e-5	88.886190E-6	3.928000
41.000000E+0	8.899781E+0	1e-5	88.997810E-6	3.929000
41.100000E+0	8.910528E+0	1e-5	89.105280E-6	3.929000
41.200000E+0	8.921370E+0	1e-5	89.213700E-6	3.929000
41.300000E+0	8.931563E+0	1e-5	89.315630E-6	3.927000
41.400000E+0	8.942780E+0	1e-5	89.427800E-6	3.927000
41.500000E+0	8.952861E+0	1e-5	89.528610E-6	3.927000
41.600000E+0	8.963477E+0	1e-5	89.634770E-6	3.929000
41.393382E+0	8.973860E+0	1e-5	89.738600E-6	3.928000
41.800000E+0	8.984083E+0	1e-5	89.840830E-6	3.929000
41.900000E+0	8.994296E+0	1e-5	89.942960E-6	3.930000
42.000000E+0	9.003890E+0	1e-5	90.038900E-6	3.927000
41.790441E+0	9.013555E+0	1e-5	90.135550E-6	3.928000
42.200000E+0	9.023380E+0	1e-5	90.233800E-6	3.927000
42.300000E+0	9.033381E+0	1e-5	90.333810E-6	3.927000
42.400000E+0	9.043372E+0	1e-5	90.433720E-6	3.926000
42.500000E+0	9.052108E+0	1e-5	90.521080E-6	3.927000
42.600000E+0	9.061435E+0	1e-5	90.614350E-6	3.927000
42.700000E+0	9.070861E+0	1e-5	90.708610E-6	3.928000
42.800000E+0	9.079632E+0	1e-5	90.796320E-6	3.925000
42.900000E+0	9.088557E+0	1e-5	90.885570E-6	3.927000
43.000000E+0	9.097924E+0	1e-5	90.979240E-6	3.927000
43.100000E+0	9.106492E+0	1e-5	91.064920E-6	3.926000
43.200000E+0	9.115596E+0	1e-5	91.155960E-6	3.925000
43.300000E+0	9.124492E+0	1e-5	91.244920E-6	3.927000
43.400000E+0	9.133883E+0	1e-5	91.338830E-6	3.928000
43.500000E+0	9.142658E+0	1e-5	91.426580E-6	3.927000
43.600000E+0	9.151008E+0	1e-5	91.510080E-6	3.928000
43.700000E+0	9.159611E+0	1e-5	91.596110E-6	3.926000
43.800000E+0	9.168159E+0	1e-5	91.681590E-6	3.927000
43.900000E+0	9.176476E+0	1e-5	91.764760E-6	3.927000
44.000000E+0	9.184350E+0	1e-5	91.843500E-6	3.928000
44.100000E+0	9.193325E+0	1e-5	91.933250E-6	3.927000
44.200000E+0	9.201060E+0	1e-5	92.010600E-6	3.926000
44.300000E+0	9.209457E+0	1e-5	92.094570E-6	3.928000
44.400000E+0	9.217169E+0	1e-5	92.171690E-6	3.927000
44.177536E+0	9.225866E+0	1e-5	92.258660E-6	3.926000
44.600000E+0	9.233419E+0	1e-5	92.334190E-6	3.929000
44.700000E+0	9.241245E+0	1e-5	92.412450E-6	3.926000
44.800000E+0	9.248558E+0	1e-5	92.485580E-6	3.926000
44.900000E+0	9.256882E+0	1e-5	92.568820E-6	3.927000
NaN
45.000000E+0	9.264559E+0	1e-5	92.645590E-6	3.927000
44.900000E+0	9.258795E+0	1e-5	92.587950E-6	3.928000
44.800000E+0	9.250910E+0	1e-5	92.509100E-6	3.927000
44.700000E+0	9.243270E+0	1e-5	92.432700E-6	3.931000
44.600000E+0	9.235142E+0	1e-5	92.351420E-6	3.928000
44.500000E+0	9.226787E+0	1e-5	92.267870E-6	3.929000
44.400000E+0	9.219285E+0	1e-5	92.192850E-6	3.928000
44.300000E+0	9.211333E+0	1e-5	92.113330E-6	3.926000
44.200000E+0	9.203331E+0	1e-5	92.033310E-6	3.927000
44.100000E+0	9.194684E+0	1e-5	91.946840E-6	3.927000
44.000000E+0	9.186668E+0	1e-5	91.866680E-6	3.928000
43.900000E+0	9.177995E+0	1e-5	91.779950E-6	3.927000
43.798824E+0	9.169529E+0	1e-5	91.695290E-6	3.927000
43.700000E+0	9.161353E+0	1e-5	91.613530E-6	3.926000
43.600000E+0	9.152850E+0	1e-5	91.528500E-6	3.928000
43.500000E+0	9.144116E+0	1e-5	91.441160E-6	3.929000
43.400000E+0	9.135628E+0	1e-5	91.356280E-6	3.928000
43.300000E+0	9.126635E+0	1e-5	91.266350E-6	3.927000
43.200000E+0	9.117556E+0	1e-5	91.175560E-6	3.926000
43.100000E+0	9.108109E+0	1e-5	91.081090E-6	3.926000
43.000000E+0	9.099353E+0	1e-5	90.993530E-6	3.926000
42.900000E+0	9.090156E+0	1e-5	90.901560E-6	3.924000
42.800000E+0	9.080304E+0	1e-5	90.803040E-6	3.925000
42.700000E+0	9.071634E+0	1e-5	90.716340E-6	3.926000
42.600000E+0	9.062402E+0	1e-5	90.624020E-6	3.925000
42.500000E+0	9.052356E+0	1e-5	90.523560E-6	3.925000
42.400000E+0	9.042995E+0	1e-5	90.429950E-6	3.928000
42.300000E+0	9.033399E+0	1e-5	90.333990E-6	3.926000
42.200000E+0	9.023624E+0	1e-5	90.236240E-6	3.926000
42.100000E+0	9.014626E+0	1e-5	90.146260E-6	3.925000
42.000000E+0	9.004689E+0	1e-5	90.046890E-6	3.926000
41.900000E+0	8.994256E+0	1e-5	89.942560E-6	3.926000
41.800000E+0	8.984555E+0	1e-5	89.845550E-6	3.927000
41.700000E+0	8.974811E+0	1e-5	89.748110E-6	3.927000
41.600000E+0	8.964549E+0	1e-5	89.645490E-6	3.928000
41.192593E+0	8.954137E+0	1e-5	89.541370E-6	3.927000
41.400000E+0	8.944462E+0	1e-5	89.444620E-6	3.928000
41.300000E+0	8.932509E+0	1e-5	89.325090E-6	3.926000
41.200000E+0	8.921158E+0	1e-5	89.211580E-6	3.926000
41.100000E+0	8.910058E+0	1e-5	89.100580E-6	3.924000
41.000000E+0	8.899695E+0	1e-5	88.996950E-6	3.925000
40.900000E+0	8.887220E+0	1e-5	88.872200E-6	3.925000
40.800000E+0	8.875690E+0	1e-5	88.756900E-6	3.924000
40.700000E+0	8.864284E+0	1e-5	88.642840E-6	3.923000
40.600000E+0	8.853921E+0	1e-5	88.539210E-6	3.923000
40.500000E+0	8.843210E+0	1e-5	88.432100E-6	3.929000
40.394706E+0	8.833965E+0	1e-5	88.339650E-6	3.930000
40.300000E+0	8.821092E+0	1e-5	88.210920E-6	3.927000
40.200000E+0	8.808789E+0	1e-5	88.087890E-6	3.927000
40.100000E+0	8.796152E+0	1e-5	87.961520E-6	3.926000
40.000000E+0	8.781716E+0	1e-5	87.817160E-6	3.926000
39.606618E+0	8.770207E+0	1e-5	87.702070E-6	3.927000
39.800000E+0	8.757244E+0	1e-5	87.572440E-6	3.929000
39.408088E+0	8.744859E+0	1e-5	87.448590E-6	3.927000
39.600000E+0	8.732596E+0	1e-5	87.325960E-6	3.932000
39.500000E+0	8.718265E+0	1e-5	87.182650E-6	3.930000
39.391912E+0	8.707190E+0	1e-5	87.071900E-6	3.931000
39.300000E+0	8.691530E+0	1e-5	86.915300E-6	3.930000
39.200000E+0	8.677573E+0	1e-5	86.775730E-6	3.929000
39.100000E+0	8.663176E+0	1e-5	86.631760E-6	3.932000
39.000000E+0	8.647588E+0	1e-5	86.475880E-6	3.928000
38.900000E+0	8.631575E+0	1e-5	86.315750E-6	3.929000
38.800000E+0	8.613690E+0	1e-5	86.136900E-6	3.929000
38.409044E+0	8.601460E+0	1e-5	86.014600E-6	3.928000
38.600000E+0	8.585410E+0	1e-5	85.854100E-6	3.931000
38.500000E+0	8.569362E+0	1e-5	85.693620E-6	3.933000
38.400000E+0	8.552935E+0	1e-5	85.529350E-6	3.933000
37.736765E+0	8.535057E+0	1e-5	85.350570E-6	3.931000
37.638235E+0	8.517868E+0	1e-5	85.178680E-6	3.928000
38.100000E+0	8.499453E+0	1e-5	84.994530E-6	3.929000
38.000000E+0	8.480419E+0	1e-5	84.804190E-6	3.931000
37.899118E+0	8.460215E+0	1e-5	84.602150E-6	3.928000
37.800000E+0	8.439674E+0	1e-5	84.396740E-6	3.928000
37.700000E+0	8.421535E+0	1e-5	84.215350E-6	3.931000
37.600000E+0	8.402586E+0	1e-5	84.025860E-6	3.932000
37.500000E+0	8.381023E+0	1e-5	83.810230E-6	3.930000
37.400000E+0	8.358483E+0	1e-5	83.584830E-6	3.930000
37.300000E+0	8.334016E+0	1e-5	83.340160E-6	3.930000
37.200000E+0	8.309380E+0	1e-5	83.093800E-6	3.930000
37.100000E+0	8.282289E+0	1e-5	82.822890E-6	3.929000
37.000000E+0	8.254954E+0	1e-5	82.549540E-6	3.929000
36.900000E+0	8.228791E+0	1e-5	82.287910E-6	3.926000
36.800000E+0	8.201659E+0	1e-5	82.016590E-6	3.928000
36.700000E+0	8.173335E+0	1e-5	81.733350E-6	3.928000
36.599632E+0	8.145906E+0	1e-5	81.459060E-6	3.928000
36.500000E+0	8.112635E+0	1e-5	81.126350E-6	3.926000
36.400000E+0	8.079437E+0	1e-5	80.794370E-6	3.926000
36.300000E+0	8.045324E+0	1e-5	80.453240E-6	3.926000
36.200000E+0	8.007767E+0	1e-5	80.077670E-6	3.924000
36.090000E+0	7.976556E+0	1e-5	79.765560E-6	3.925000
36.000000E+0	7.932886E+0	1e-5	79.328860E-6	3.925000
35.900000E+0	7.893608E+0	1e-5	78.936080E-6	3.924000
35.800000E+0	7.846318E+0	1e-5	78.463180E-6	3.924000
35.700000E+0	7.800845E+0	1e-5	78.008450E-6	3.924000
35.600000E+0	7.752007E+0	1e-5	77.520070E-6	3.924000
35.500000E+0	7.702181E+0	1e-5	77.021810E-6	3.926000
35.400000E+0	7.649222E+0	1e-5	76.492220E-6	3.924000
35.300000E+0	7.593148E+0	1e-5	75.931480E-6	3.923000
35.200000E+0	7.529685E+0	1e-5	75.296850E-6	3.925000
35.091691E+0	7.475080E+0	1e-5	74.750800E-6	3.923000
35.000000E+0	7.395954E+0	1e-5	73.959540E-6	3.925000
34.895882E+0	7.330219E+0	1e-5	73.302190E-6	3.924000
34.800000E+0	7.239834E+0	1e-5	72.398340E-6	3.926000
34.695735E+0	7.162251E+0	1e-5	71.622510E-6	3.928000
34.593603E+0	7.073466E+0	1e-5	70.734660E-6	3.929000
34.500000E+0	6.952854E+0	1e-5	69.528540E-6	3.930000
34.397500E+0	6.836442E+0	1e-5	68.364420E-6	3.926000
34.300000E+0	6.684649E+0	1e-5	66.846490E-6	3.929000
34.200000E+0	6.540815E+0	1e-5	65.408150E-6	3.929000
34.100000E+0	6.370008E+0	1e-5	63.700080E-6	3.929000
33.990221E+0	6.203782E+0	1e-5	62.037820E-6	3.932000
33.895147E+0	6.000588E+0	1e-5	60.005880E-6	3.932000
33.800000E+0	5.755658E+0	1e-5	57.556580E-6	3.933000
33.700000E+0	5.481924E+0	1e-5	54.819240E-6	3.932000
33.600000E+0	5.194115E+0	1e-5	51.941150E-6	3.932000
33.500000E+0	4.881382E+0	1e-5	48.813820E-6	3.928000
33.400000E+0	4.545169E+0	1e-5	45.451690E-6	3.929000
33.295852E+0	4.248947E+0	1e-5	42.489470E-6	3.930000
33.200000E+0	3.869292E+0	1e-5	38.692920E-6	3.932000
33.100000E+0	3.508562E+0	1e-5	35.085620E-6	3.928000
33.000000E+0	3.174564E+0	1e-5	31.745640E-6	3.927000
32.900000E+0	2.933328E+0	1e-5	29.333280E-6	3.931000
32.792000E+0	2.680063E+0	1e-5	26.800630E-6	3.932000
32.700000E+0	2.395101E+0	1e-5	23.951010E-6	3.931000
32.600000E+0	2.177497E+0	1e-5	21.774970E-6	3.931000
32.494779E+0	1.999188E+0	1e-5	19.991880E-6	3.932000
32.400000E+0	1.787689E+0	1e-5	17.876890E-6	3.932000
32.300000E+0	1.612532E+0	1e-5	16.125320E-6	3.932000
31.963235E+0	1.433320E+0	1e-5	14.333200E-6	3.928000
32.097556E+0	1.327085E+0	1e-5	13.270850E-6	3.929000
31.998667E+0	1.219562E+0	1e-5	12.195620E-6	3.935000
31.900000E+0	1.106925E+0	1e-5	11.069250E-6	3.932000
31.800000E+0	993.570800E-3	1e-5	9.935708E-6	3.932000
31.693778E+0	908.311400E-3	1e-5	9.083114E-6	3.933000
31.595074E+0	821.372300E-3	1e-5	8.213723E-6	3.934000
31.500000E+0	722.498400E-3	1e-5	7.224984E-6	3.933000
31.400000E+0	642.862600E-3	1e-5	6.428626E-6	3.933000
31.300000E+0	569.780100E-3	1e-5	5.697801E-6	3.930000
31.197111E+0	509.597700E-3	1e-5	5.095977E-6	3.931000
31.093259E+0	453.120100E-3	1e-5	4.531201E-6	3.932000
31.000000E+0	388.477600E-3	1e-5	3.884776E-6	3.930000
30.890000E+0	338.769000E-3	1e-5	3.387690E-6	3.930000
30.800000E+0	268.382900E-3	1e-5	2.683829E-6	3.928000
30.700000E+0	229.039600E-3	1e-5	2.290396E-6	3.931000
30.597926E+0	191.899500E-3	1e-5	1.918995E-6	3.932000
30.496812E+0	155.636200E-3	1e-5	1.556362E-6	3.935000
30.400000E+0	121.523600E-3	1e-5	1.215236E-6	3.933000
30.300000E+0	95.803740E-3	1e-5	958.037400E-9	3.931000
30.200000E+0	74.855900E-3	1e-5	748.559000E-9	3.935000
30.097899E+0	62.190230E-3	1e-5	621.902300E-9	3.936000
29.994710E+0	50.722430E-3	1e-5	507.224300E-9	3.936000
29.890000E+0	40.766560E-3	1e-5	407.665600E-9	3.935000
29.800000E+0	30.563290E-3	1e-5	305.632900E-9	3.935000
29.484783E+0	23.784160E-3	1e-5	237.841600E-9	3.936000
29.590507E+0	18.426610E-3	1e-5	184.266100E-9	3.935000
29.500000E+0	13.531730E-3	1e-5	135.317300E-9	3.931000
29.177029E+0	10.308800E-3	1e-5	103.088000E-9	3.933000
29.300000E+0	8.709664E-3	1e-5	87.096640E-9	3.936000
29.200000E+0	6.723140E-3	1e-5	67.231400E-9	3.936000
29.100000E+0	5.446340E-3	1e-5	54.463400E-9	3.935000
29.000000E+0	3.994211E-3	1e-5	39.942110E-9	3.937000
28.900000E+0	2.878630E-3	1e-5	28.786300E-9	3.936000
28.800000E+0	2.207229E-3	1e-5	22.072290E-9	3.931000
28.700000E+0	1.668744E-3	1e-5	16.687440E-9	3.935000
28.600000E+0	1.282951E-3	1e-5	12.829510E-9	3.935000
28.500000E+0	1.270849E-3	1e-5	12.708490E-9	3.936000
28.395515E+0	559.872500E-6	1e-5	5.598725E-9	3.934000
28.300000E+0	373.231600E-6	1e-5	3.732316E-9	3.934000
28.200000E+0	515.029700E-6	1e-5	5.150297E-9	3.934000
28.096739E+0	102.646300E-6	1e-5	1.026463E-9	3.933000
28.000000E+0	89.521060E-6	1e-5	895.210600E-12	3.933000
27.894058E+0	41.438080E-6	1e-5	414.380800E-12	3.936000
27.800000E+0	439.088600E-6	1e-5	4.390886E-9	3.939000
27.700000E+0	318.019300E-6	1e-5	3.180193E-9	3.937000
27.600000E+0	364.689500E-6	1e-5	3.646895E-9	3.938000
27.500000E+0	-35.412080E-6	1e-5	-354.120800E-12	3.938000
27.400000E+0	-193.850300E-6	1e-5	-1.938503E-9	3.938000
27.300000E+0	-304.964000E-6	1e-5	-3.049640E-9	3.939000
27.200000E+0	401.894200E-6	1e-5	4.018942E-9	3.940000
27.094701E+0	167.015300E-6	1e-5	1.670153E-9	3.939000
27.000000E+0	40.094920E-6	1e-5	400.949200E-12	3.937000
26.900000E+0	83.969480E-6	1e-5	839.694800E-12	3.940000
26.800000E+0	28.062940E-6	1e-5	280.629400E-12	3.939000
26.700000E+0	-20.474440E-6	1e-5	-204.744400E-12	3.939000
26.600000E+0	272.177800E-6	1e-5	2.721778E-9	3.937000
26.500000E+0	17.798480E-6	1e-5	177.984800E-12	3.936000
26.204444E+0	93.160760E-6	1e-5	931.607600E-12	3.934000
26.300000E+0	94.268950E-6	1e-5	942.689500E-12	3.936000
26.195630E+0	-253.560800E-6	1e-5	-2.535608E-9	3.935000
26.100000E+0	33.444920E-6	1e-5	334.449200E-12	3.935000
25.995588E+0	180.675000E-6	1e-5	1.806750E-9	3.933000
25.900000E+0	68.987110E-6	1e-5	689.871100E-12	3.937000
25.799412E+0	328.688300E-6	1e-5	3.286883E-9	3.933000
25.511029E+0	239.631400E-6	1e-5	2.396314E-9	3.933000
25.600000E+0	226.101800E-6	1e-5	2.261018E-9	3.934000
25.498824E+0	-214.444300E-6	1e-5	-2.144443E-9	3.936000
25.400000E+0	270.215800E-6	1e-5	2.702158E-9	3.935000
25.296397E+0	128.782500E-6	1e-5	1.287825E-9	3.933000
25.200000E+0	238.902700E-6	1e-5	2.389027E-9	3.933000
25.100000E+0	19.890230E-6	1e-5	198.902300E-12	3.933000
25.000000E+0	-293.136500E-6	1e-5	-2.931365E-9	3.935000
24.900000E+0	93.021060E-6	1e-5	930.210600E-12	3.936000
24.800000E+0	119.011900E-6	1e-5	1.190119E-9	3.937000
24.700000E+0	178.288500E-6	1e-5	1.782885E-9	3.936000
24.594444E+0	-240.760100E-6	1e-5	-2.407601E-9	3.937000
24.500000E+0	121.588200E-6	1e-5	1.215882E-9	3.934000
24.400000E+0	8.107935E-6	1e-5	81.079350E-12	3.933000
24.300000E+0	84.348870E-6	1e-5	843.488700E-12	3.934000
24.194444E+0	197.674200E-6	1e-5	1.976742E-9	3.934000
24.100000E+0	20.864190E-6	1e-5	208.641900E-12	3.937000
NaN
