	Temp	25.000000	
Time	TEMP	REAL TEMP	CURRENT	VOLTAGE
0.000000E+0	25.000000E+0	25.000000	0.000000E+0	-3.46536469E-07
437.024593E-3	25.000000E+0	25.000000	10.000000E-6	-3.70789655E-07
864.049435E-3	25.000000E+0	25.000000	20.000000E-6	-3.67151677E-07
1.289073E+0	25.000000E+0	25.000000	30.000000E-6	-3.60482051E-07
1.716098E+0	25.000000E+0	25.000000	40.000000E-6	-3.71247378E-07
2.142122E+0	25.000000E+0	25.000000	50.000000E-6	-3.69024170E-07
2.568147E+0	25.000000E+0	25.000000	60.000000E-6	-3.66194633E-07
2.993171E+0	25.000000E+0	25.000000	70.000000E-6	-3.66598853E-07
3.420196E+0	25.000000E+0	25.000000	80.000000E-6	-3.58514461E-07
3.846220E+0	25.000000E+0	25.000000	90.000000E-6	-3.82161306E-07
4.272244E+0	25.000000E+0	25.000000	100.000000E-6	-3.57604967E-07
4.698268E+0	25.000000E+0	25.000000	110.000000E-6	-3.65992523E-07
5.124293E+0	25.000000E+0	25.000000	120.000000E-6	-3.65184084E-07
5.549317E+0	25.000000E+0	25.000000	130.000000E-6	-3.66497798E-07
5.976341E+0	25.000000E+0	25.000000	140.000000E-6	-3.69742278E-07
6.402366E+0	25.000000E+0	25.000000	150.000000E-6	-3.70853882E-07
6.829390E+0	25.000000E+0	25.000000	160.000000E-6	-4.30779428E-07
7.254415E+0	25.000000E+0	25.000000	170.000000E-6	-3.73885529E-07
7.681439E+0	25.000000E+0	25.000000	180.000000E-6	-4.49979856E-07
8.107463E+0	25.000000E+0	25.000000	190.000000E-6	-3.75603462E-07
8.533488E+0	25.000000E+0	25.000000	200.000000E-6	-3.79140383E-07
8.958512E+0	25.000000E+0	25.000000	210.000000E-6	-3.59333625E-07
9.384537E+0	25.000000E+0	25.000000	220.000000E-6	-3.63274766E-07
9.809561E+0	25.000000E+0	25.000000	230.000000E-6	-3.57110418E-07
10.236586E+0	25.000000E+0	25.000000	240.000000E-6	-3.72008779E-07
10.659609E+0	25.000000E+0	25.000000	250.000000E-6	-4.05558988E-07
11.086634E+0	25.000000E+0	25.000000	260.000000E-6	-3.53111523E-07
11.511658E+0	25.000000E+0	25.000000	270.000000E-6	-3.53111523E-07
11.938683E+0	25.000000E+0	25.000000	280.000000E-6	-3.38357515E-07
12.363707E+0	25.000000E+0	25.000000	290.000000E-6	-3.87571225E-07
12.788731E+0	25.000000E+0	25.000000	300.000000E-6	-3.58265320E-07
13.213756E+0	25.000000E+0	25.000000	310.000000E-6	-3.80598441E-07
13.638780E+0	25.000000E+0	25.000000	320.000000E-6	-4.19302447E-07
14.064804E+0	25.000000E+0	25.000000	330.000000E-6	-3.53515742E-07
14.488829E+0	25.000000E+0	25.000000	340.000000E-6	-3.69453693E-07
14.913853E+0	25.000000E+0	25.000000	350.000000E-6	-3.89159393E-07
15.338877E+0	25.000000E+0	25.000000	360.000000E-6	-3.85117198E-07
15.762901E+0	25.000000E+0	25.000000	370.000000E-6	-3.81984497E-07
16.190926E+0	25.000000E+0	25.000000	380.000000E-6	-4.43830077E-07
16.615950E+0	25.000000E+0	25.000000	390.000000E-6	-3.71373735E-07
17.041975E+0	25.000000E+0	25.000000	400.000000E-6	-3.70464241E-07
17.467999E+0	25.000000E+0	25.000000	410.000000E-6	-3.63491455E-07
17.894023E+0	25.000000E+0	25.000000	420.000000E-6	-3.49141664E-07
18.319047E+0	25.000000E+0	25.000000	430.000000E-6	-3.51566981E-07
18.745072E+0	25.000000E+0	25.000000	440.000000E-6	-3.59297611E-07
19.170096E+0	25.000000E+0	25.000000	450.000000E-6	-3.84258175E-07
19.595120E+0	25.000000E+0	25.000000	460.000000E-6	-3.75365342E-07
20.021145E+0	25.000000E+0	25.000000	470.000000E-6	-3.61217654E-07
20.448169E+0	25.000000E+0	25.000000	480.000000E-6	-3.61318709E-07
20.873193E+0	25.000000E+0	25.000000	490.000000E-6	-3.64956686E-07
21.299218E+0	25.000000E+0	25.000000	500.000000E-6	-3.57579677E-07
21.724242E+0	25.000000E+0	25.000000	510.000000E-6	-3.84157120E-07
22.150267E+0	25.000000E+0	25.000000	520.000000E-6	-3.61823984E-07
22.576291E+0	25.000000E+0	25.000000	530.000000E-6	-3.57983897E-07
23.003315E+0	25.000000E+0	25.000000	540.000000E-6	-3.42035052E-07
23.428340E+0	25.000000E+0	25.000000	550.000000E-6	-3.54363750E-07
23.853364E+0	25.000000E+0	25.000000	560.000000E-6	-3.81244353E-07
24.278389E+0	25.000000E+0	25.000000	570.000000E-6	-3.44662480E-07
24.703413E+0	25.000000E+0	25.000000	580.000000E-6	-4.00646894E-07
25.129437E+0	25.000000E+0	25.000000	590.000000E-6	-3.92764612E-07
25.553462E+0	25.000000E+0	25.000000	600.000000E-6	-3.40923448E-07
25.978486E+0	25.000000E+0	25.000000	610.000000E-6	-3.58608056E-07
26.402510E+0	25.000000E+0	25.000000	620.000000E-6	-4.17118842E-07
26.827534E+0	25.000000E+0	25.000000	630.000000E-6	-3.42439272E-07
27.253559E+0	25.000000E+0	25.000000	640.000000E-6	-3.52026869E-07
27.679583E+0	25.000000E+0	25.000000	650.000000E-6	-3.68599875E-07
28.104607E+0	25.000000E+0	25.000000	660.000000E-6	-3.67488271E-07
28.530632E+0	25.000000E+0	25.000000	670.000000E-6	-3.45963575E-07
28.958656E+0	25.000000E+0	25.000000	680.000000E-6	-3.40304500E-07
29.385681E+0	25.000000E+0	25.000000	690.000000E-6	-3.43437202E-07
29.810705E+0	25.000000E+0	25.000000	700.000000E-6	-3.60616537E-07
30.235729E+0	25.000000E+0	25.000000	710.000000E-6	-3.37070743E-07
30.661754E+0	25.000000E+0	25.000000	720.000000E-6	-3.42325598E-07
31.087778E+0	25.000000E+0	25.000000	730.000000E-6	-3.52431089E-07
31.513802E+0	25.000000E+0	25.000000	740.000000E-6	-3.52483648E-07
31.938827E+0	25.000000E+0	25.000000	750.000000E-6	-3.49148837E-07
32.364851E+0	25.000000E+0	25.000000	760.000000E-6	-3.40256009E-07
32.789875E+0	25.000000E+0	25.000000	770.000000E-6	-3.41872887E-07
33.216900E+0	25.000000E+0	25.000000	780.000000E-6	-3.40660228E-07
33.641924E+0	25.000000E+0	25.000000	790.000000E-6	-3.28129425E-07
34.066948E+0	25.000000E+0	25.000000	800.000000E-6	-4.01091037E-07
34.491972E+0	25.000000E+0	25.000000	810.000000E-6	-3.42782381E-07
34.916997E+0	25.000000E+0	25.000000	820.000000E-6	-3.24390395E-07
35.342021E+0	25.000000E+0	25.000000	830.000000E-6	-3.36719089E-07
35.768045E+0	25.000000E+0	25.000000	840.000000E-6	-3.37146082E-07
36.193070E+0	25.000000E+0	25.000000	850.000000E-6	-3.33103888E-07
36.619094E+0	25.000000E+0	25.000000	860.000000E-6	-3.48060005E-07
37.045119E+0	25.000000E+0	25.000000	870.000000E-6	-3.20269923E-07
37.472143E+0	25.000000E+0	25.000000	880.000000E-6	-3.44422031E-07
37.897167E+0	25.000000E+0	25.000000	890.000000E-6	-3.66553042E-07
38.322192E+0	25.000000E+0	25.000000	900.000000E-6	-3.38864014E-07
38.748216E+0	25.000000E+0	25.000000	910.000000E-6	-3.41794605E-07
39.173240E+0	25.000000E+0	25.000000	920.000000E-6	-3.35226040E-07
39.598265E+0	25.000000E+0	25.000000	930.000000E-6	-3.79690172E-07
40.025289E+0	25.000000E+0	25.000000	940.000000E-6	-4.07140689E-07
40.451313E+0	25.000000E+0	25.000000	950.000000E-6	-3.30338983E-07
40.877338E+0	25.000000E+0	25.000000	960.000000E-6	-3.35492782E-07
41.303362E+0	25.000000E+0	25.000000	970.000000E-6	-3.44890885E-07
41.730387E+0	25.000000E+0	25.000000	980.000000E-6	-3.45194050E-07
42.155411E+0	25.000000E+0	25.000000	990.000000E-6	-3.63788147E-07
42.579435E+0	25.000000E+0	25.000000	1.000000E-3	-3.55501647E-07
43.005459E+0	25.000000E+0	25.000000	1.010000E-3	-3.48730971E-07
43.431484E+0	25.000000E+0	25.000000	1.020000E-3	-3.38625483E-07
43.857508E+0	25.000000E+0	25.000000	1.030000E-3	-3.48427806E-07
44.283533E+0	25.000000E+0	25.000000	1.040000E-3	-3.24457074E-07
44.709557E+0	25.000000E+0	25.000000	1.050000E-3	-3.50529237E-07
45.135581E+0	25.000000E+0	25.000000	1.060000E-3	-3.25871843E-07
45.561606E+0	25.000000E+0	25.000000	1.070000E-3	-3.37897375E-07
45.986630E+0	25.000000E+0	25.000000	1.080000E-3	-3.46992316E-07
46.412654E+0	25.000000E+0	25.000000	1.090000E-3	-3.26377117E-07
46.838679E+0	25.000000E+0	25.000000	1.100000E-3	-3.46183877E-07
47.262703E+0	25.000000E+0	25.000000	1.110000E-3	-3.47699700E-07
47.687727E+0	25.000000E+0	25.000000	1.120000E-3	-3.36684717E-07
48.113752E+0	25.000000E+0	25.000000	1.130000E-3	-3.90243811E-07
48.540776E+0	25.000000E+0	25.000000	1.140000E-3	-3.21951890E-07
48.965801E+0	25.000000E+0	25.000000	1.150000E-3	-3.29935232E-07
49.390825E+0	25.000000E+0	25.000000	1.160000E-3	-3.34886925E-07
49.815849E+0	25.000000E+0	25.000000	1.170000E-3	-4.02088477E-07
50.243874E+0	25.000000E+0	25.000000	1.180000E-3	-3.43880817E-07
50.670898E+0	25.000000E+0	25.000000	1.190000E-3	-3.34583761E-07
51.094922E+0	25.000000E+0	25.000000	1.200000E-3	-3.36705915E-07
51.520947E+0	25.000000E+0	25.000000	1.210000E-3	-3.26095144E-07
51.945971E+0	25.000000E+0	25.000000	1.220000E-3	-3.38322794E-07
52.371995E+0	25.000000E+0	25.000000	1.230000E-3	-3.99562103E-07
52.798020E+0	25.000000E+0	25.000000	1.240000E-3	-3.46547450E-07
53.223044E+0	25.000000E+0	25.000000	1.250000E-3	-3.62413088E-07
53.648068E+0	25.000000E+0	25.000000	1.260000E-3	-3.41393644E-07
54.074092E+0	25.000000E+0	25.000000	1.270000E-3	-3.44930570E-07
54.500117E+0	25.000000E+0	25.000000	1.280000E-3	-3.28862822E-07
54.927141E+0	25.000000E+0	25.000000	1.290000E-3	-3.38058829E-07
55.353166E+0	25.000000E+0	25.000000	1.300000E-3	-3.83028312E-07
55.779190E+0	25.000000E+0	25.000000	1.310000E-3	-3.14007734E-07
56.205215E+0	25.000000E+0	25.000000	1.320000E-3	-3.24012181E-07
56.631239E+0	25.000000E+0	25.000000	1.330000E-3	-3.24113236E-07
57.057263E+0	25.000000E+0	25.000000	1.340000E-3	-3.39988988E-07
57.482288E+0	25.000000E+0	25.000000	1.350000E-3	-3.36553118E-07
57.907312E+0	25.000000E+0	25.000000	1.360000E-3	-3.16948446E-07
58.331336E+0	25.000000E+0	25.000000	1.370000E-3	-3.82027872E-07
58.759361E+0	25.000000E+0	25.000000	1.380000E-3	-3.45547014E-07
59.185385E+0	25.000000E+0	25.000000	1.390000E-3	-3.24729682E-07
59.610409E+0	25.000000E+0	25.000000	1.400000E-3	-3.26144452E-07
60.035433E+0	25.000000E+0	25.000000	1.410000E-3	-3.20081151E-07
60.460458E+0	25.000000E+0	25.000000	1.420000E-3	-3.42414309E-07
60.886482E+0	25.000000E+0	25.000000	1.430000E-3	-3.44738574E-07
61.314507E+0	25.000000E+0	25.000000	1.440000E-3	-3.13799178E-07
61.738531E+0	25.000000E+0	25.000000	1.450000E-3	-4.28193465E-07
62.164556E+0	25.000000E+0	25.000000	1.460000E-3	-3.27643716E-07
62.590580E+0	25.000000E+0	25.000000	1.470000E-3	-3.19761424E-07
63.017604E+0	25.000000E+0	25.000000	1.480000E-3	-3.13192848E-07
63.442629E+0	25.000000E+0	25.000000	1.490000E-3	-3.70187881E-07
63.868653E+0	25.000000E+0	25.000000	1.500000E-3	-3.12990738E-07
64.294677E+0	25.000000E+0	25.000000	1.510000E-3	-3.12384407E-07
64.720701E+0	25.000000E+0	25.000000	1.520000E-3	-3.14203398E-07
65.146726E+0	25.000000E+0	25.000000	1.530000E-3	-3.14001288E-07
65.572750E+0	25.000000E+0	25.000000	1.540000E-3	-3.07460952E-07
65.998775E+0	25.000000E+0	25.000000	1.550000E-3	-3.28480392E-07
66.424799E+0	25.000000E+0	25.000000	1.560000E-3	-3.61828542E-07
66.849823E+0	25.000000E+0	25.000000	1.570000E-3	-3.07966227E-07
67.277848E+0	25.000000E+0	25.000000	1.580000E-3	-3.33634197E-07
67.705872E+0	25.000000E+0	25.000000	1.590000E-3	-3.19385442E-07
68.129897E+0	25.000000E+0	25.000000	1.600000E-3	-3.29794107E-07
68.555921E+0	25.000000E+0	25.000000	1.610000E-3	-3.28985667E-07
68.978945E+0	25.000000E+0	25.000000	1.620000E-3	-3.33128922E-07
69.405970E+0	25.000000E+0	25.000000	1.630000E-3	-2.91090043E-07
69.832994E+0	25.000000E+0	25.000000	1.640000E-3	-3.26388385E-07
70.257018E+0	25.000000E+0	25.000000	1.650000E-3	-3.63576615E-07
70.684042E+0	25.000000E+0	25.000000	1.660000E-3	-2.97082443E-07
71.109067E+0	25.000000E+0	25.000000	1.670000E-3	-3.45993050E-07
71.537091E+0	25.000000E+0	25.000000	1.680000E-3	-3.44073005E-07
71.964116E+0	25.000000E+0	25.000000	1.690000E-3	-3.00922532E-07
72.390140E+0	25.000000E+0	25.000000	1.700000E-3	-3.30127419E-07
72.817164E+0	25.000000E+0	25.000000	1.710000E-3	-2.83642131E-07
73.243189E+0	25.000000E+0	25.000000	1.720000E-3	-3.31542189E-07
73.666214E+0	25.000000E+0	25.000000	1.730000E-3	-3.11230139E-07
74.092237E+0	25.000000E+0	25.000000	1.740000E-3	-2.85677546E-07
74.517262E+0	25.000000E+0	25.000000	1.750000E-3	-3.07606473E-07
74.943286E+0	25.000000E+0	25.000000	1.760000E-3	-2.96894647E-07
75.367311E+0	25.000000E+0	25.000000	1.770000E-3	-2.79108974E-07
75.794335E+0	25.000000E+0	25.000000	1.780000E-3	-2.96288317E-07
76.221359E+0	25.000000E+0	25.000000	1.790000E-3	-2.69508753E-07
76.646384E+0	25.000000E+0	25.000000	1.800000E-3	-2.75167830E-07
77.073408E+0	25.000000E+0	25.000000	1.810000E-3	-2.71428797E-07
77.497433E+0	25.000000E+0	25.000000	1.820000E-3	-3.02351615E-07
77.923457E+0	25.000000E+0	25.000000	1.830000E-3	-3.57426568E-07
78.350481E+0	25.000000E+0	25.000000	1.840000E-3	-3.21844607E-07
78.774506E+0	25.000000E+0	25.000000	1.850000E-3	-2.78795190E-07
79.200530E+0	25.000000E+0	25.000000	1.860000E-3	-2.74247716E-07
79.624554E+0	25.000000E+0	25.000000	1.870000E-3	-2.81119454E-07
80.053579E+0	25.000000E+0	25.000000	1.880000E-3	-2.72327672E-07
80.478603E+0	25.000000E+0	25.000000	1.890000E-3	-2.63535889E-07
80.904627E+0	25.000000E+0	25.000000	1.900000E-3	-2.72125562E-07
81.329651E+0	25.000000E+0	25.000000	1.910000E-3	-3.24573091E-07
81.754676E+0	25.000000E+0	25.000000	1.920000E-3	-2.81523674E-07
82.179700E+0	25.000000E+0	25.000000	1.930000E-3	-2.59998965E-07
82.606725E+0	25.000000E+0	25.000000	1.940000E-3	-2.55355445E-07
83.031749E+0	25.000000E+0	0.000000	1.950000E-3	-2.57477599E-07
83.457773E+0	25.000000E+0	25.000000	1.960000E-3	-2.40500365E-07
83.883798E+0	25.000000E+0	25.000000	1.970000E-3	-2.52525906E-07
84.310822E+0	25.000000E+0	25.000000	1.980000E-3	-2.67583096E-07
84.734846E+0	25.000000E+0	25.000000	1.990000E-3	-2.29283264E-07
85.159871E+0	25.000000E+0	25.000000	2.000000E-3	-2.25443175E-07
85.586895E+0	25.000000E+0	25.000000	2.010000E-3	-2.40399310E-07
86.010920E+0	25.000000E+0	25.000000	2.020000E-3	-2.65056722E-07
86.436944E+0	25.000000E+0	25.000000	2.030000E-3	-2.48382653E-07
86.862968E+0	25.000000E+0	25.000000	2.040000E-3	-2.57185790E-07
87.287992E+0	25.000000E+0	25.000000	2.050000E-3	-2.28284073E-07
87.714016E+0	25.000000E+0	25.000000	2.060000E-3	-2.64764911E-07
88.139041E+0	25.000000E+0	25.000000	2.070000E-3	-2.14843763E-07
88.568066E+0	25.000000E+0	25.000000	2.080000E-3	-1.97058091E-07
88.993090E+0	25.000000E+0	25.000000	2.090000E-3	-2.12721609E-07
89.419114E+0	25.000000E+0	25.000000	2.100000E-3	-2.37783238E-07
89.844139E+0	25.000000E+0	25.000000	2.110000E-3	-2.11306840E-07
90.271163E+0	25.000000E+0	25.000000	2.120000E-3	-1.87558925E-07
90.696187E+0	25.000000E+0	25.000000	2.130000E-3	-2.06254092E-07
91.122212E+0	25.000000E+0	25.000000	2.140000E-3	-1.88345907E-07
91.547236E+0	25.000000E+0	25.000000	2.150000E-3	-2.11083276E-07
91.973260E+0	25.000000E+0	25.000000	2.160000E-3	-1.96127140E-07
92.398284E+0	25.000000E+0	25.000000	2.170000E-3	-2.72221535E-07
92.826309E+0	25.000000E+0	25.000000	2.180000E-3	-2.20178224E-07
93.251333E+0	25.000000E+0	25.000000	2.190000E-3	-1.78341464E-07
93.677358E+0	25.000000E+0	25.000000	2.200000E-3	-1.97642964E-07
94.101382E+0	25.000000E+0	25.000000	2.210000E-3	-2.57871729E-07
94.526406E+0	25.000000E+0	25.000000	2.220000E-3	-1.69953902E-07
94.952431E+0	25.000000E+0	25.000000	2.230000E-3	-1.81171004E-07
95.378455E+0	25.000000E+0	25.000000	2.240000E-3	-1.56123854E-07
95.803479E+0	25.000000E+0	25.000000	2.250000E-3	-1.64713526E-07
96.228504E+0	25.000000E+0	25.000000	2.260000E-3	-1.47332072E-07
96.654528E+0	25.000000E+0	25.000000	2.270000E-3	-1.73606362E-07
97.081553E+0	25.000000E+0	25.000000	2.280000E-3	-1.85126628E-07
97.508577E+0	25.000000E+0	25.000000	2.290000E-3	-1.43997259E-07
97.931601E+0	25.000000E+0	25.000000	2.300000E-3	-1.62793482E-07
98.357625E+0	25.000000E+0	25.000000	2.310000E-3	-2.12108303E-07
98.781650E+0	25.000000E+0	25.000000	2.320000E-3	-2.17161051E-07
99.206674E+0	25.000000E+0	25.000000	2.330000E-3	-1.44906753E-07
99.633698E+0	25.000000E+0	25.000000	2.340000E-3	-1.25948070E-07
100.059723E+0	25.000000E+0	25.000000	2.350000E-3	-1.28474443E-07
100.484747E+0	25.000000E+0	25.000000	2.360000E-3	-1.41510528E-07
100.909771E+0	25.000000E+0	25.000000	2.370000E-3	-1.15236247E-07
101.337796E+0	25.000000E+0	25.000000	2.380000E-3	-1.35346178E-07
101.761820E+0	25.000000E+0	25.000000	2.390000E-3	-1.41914748E-07
102.187845E+0	25.000000E+0	25.000000	2.400000E-3	-1.31405036E-07
102.613869E+0	25.000000E+0	25.000000	2.410000E-3	-1.33122969E-07
103.039894E+0	25.000000E+0	25.000000	2.420000E-3	-1.36659892E-07
103.464918E+0	25.000000E+0	25.000000	2.430000E-3	-1.74252325E-07
103.892942E+0	25.000000E+0	25.000000	2.440000E-3	-1.09687784E-07
104.316966E+0	25.000000E+0	25.000000	2.450000E-3	-1.22622814E-07
104.742990E+0	25.000000E+0	25.000000	2.460000E-3	-1.16357409E-07
105.168015E+0	25.000000E+0	25.000000	2.470000E-3	-1.19995386E-07
105.595039E+0	25.000000E+0	25.000000	2.480000E-3	-1.07868796E-07
106.020064E+0	25.000000E+0	25.000000	2.490000E-3	-9.24073934E-08
106.446088E+0	25.000000E+0	25.000000	2.500000E-3	-1.19692221E-07
106.872113E+0	25.000000E+0	25.000000	2.510000E-3	-9.85717434E-08
107.299137E+0	25.000000E+0	25.000000	2.520000E-3	-1.02310775E-07
107.725162E+0	25.000000E+0	25.000000	2.530000E-3	-9.20031737E-08
108.151186E+0	25.000000E+0	25.000000	2.540000E-3	-1.24452974E-07
108.575210E+0	25.000000E+0	25.000000	2.550000E-3	-9.65618194E-08
108.999234E+0	25.000000E+0	25.000000	2.560000E-3	-8.64563285E-08
109.425259E+0	25.000000E+0	25.000000	2.570000E-3	-7.91803751E-08
109.853283E+0	25.000000E+0	25.000000	2.580000E-3	-8.36267910E-08
110.278307E+0	25.000000E+0	25.000000	2.590000E-3	-8.07972536E-08
110.704332E+0	25.000000E+0	25.000000	2.600000E-3	-4.58322552E-08
111.130356E+0	25.000000E+0	25.000000	2.610000E-3	-9.76734234E-08
111.557381E+0	25.000000E+0	25.000000	2.620000E-3	-7.71592769E-08
111.983405E+0	25.000000E+0	25.000000	2.630000E-3	-6.82664449E-08
112.408430E+0	25.000000E+0	25.000000	2.640000E-3	-2.95129871E-08
112.833454E+0	25.000000E+0	25.000000	2.650000E-3	-6.87222742E-08
113.257478E+0	25.000000E+0	25.000000	2.660000E-3	-1.52496756E-07
113.684502E+0	25.000000E+0	25.000000	2.670000E-3	-6.62969575E-08
114.111526E+0	25.000000E+0	25.000000	2.680000E-3	-3.89110894E-08
114.537551E+0	25.000000E+0	25.000000	2.690000E-3	-4.67933688E-08
114.964575E+0	25.000000E+0	25.000000	2.700000E-3	-7.74129925E-08
115.390600E+0	25.000000E+0	25.000000	2.710000E-3	-4.17406256E-08
115.815624E+0	25.000000E+0	25.000000	2.720000E-3	-6.21537081E-08
116.241649E+0	25.000000E+0	25.000000	2.730000E-3	-5.91220622E-08
116.669673E+0	25.000000E+0	25.000000	2.740000E-3	-3.43498182E-08
117.095697E+0	25.000000E+0	25.000000	2.750000E-3	-8.17660540E-09
117.521721E+0	25.000000E+0	25.000000	2.760000E-3	-3.37434890E-08
117.948746E+0	25.000000E+0	25.000000	2.770000E-3	-2.20211234E-08
118.374770E+0	25.000000E+0	25.000000	2.780000E-3	-1.72715442E-08
118.800795E+0	25.000000E+0	25.000000	2.790000E-3	-4.76890618E-08
119.226819E+0	25.000000E+0	25.000000	2.800000E-3	-6.69905431E-08
119.651844E+0	25.000000E+0	25.000000	2.810000E-3	-8.60899146E-08
120.077868E+0	25.000000E+0	25.000000	2.820000E-3	-3.73019086E-09
120.504892E+0	25.000000E+0	25.000000	2.830000E-3	-9.00654343E-10
120.930917E+0	25.000000E+0	25.000000	2.840000E-3	+5.07483748E-09
121.354941E+0	25.000000E+0	25.000000	2.850000E-3	-4.06019716E-08
121.781965E+0	25.000000E+0	25.000000	2.860000E-3	+1.95256864E-08
122.206989E+0	25.000000E+0	25.000000	2.870000E-3	+2.03341255E-08
122.634014E+0	25.000000E+0	25.000000	2.880000E-3	+1.73024788E-08
123.060038E+0	25.000000E+0	25.000000	2.890000E-3	-9.67917607E-09
123.487063E+0	25.000000E+0	25.000000	2.900000E-3	+1.47761067E-08
123.912087E+0	25.000000E+0	25.000000	2.910000E-3	-9.37601141E-09
124.338111E+0	25.000000E+0	25.000000	2.920000E-3	-8.68851100E-08
124.764136E+0	25.000000E+0	25.000000	2.930000E-3	-3.00955351E-09
125.191160E+0	25.000000E+0	25.000000	2.940000E-3	+5.01426399E-08
125.616185E+0	25.000000E+0	25.000000	2.950000E-3	+1.94219549E-08
126.041209E+0	25.000000E+0	25.000000	2.960000E-3	+1.45713204E-08
126.465233E+0	25.000000E+0	25.000000	2.970000E-3	+3.78139439E-08
126.892257E+0	25.000000E+0	25.000000	2.980000E-3	+2.50810284E-08
127.317282E+0	25.000000E+0	25.000000	2.990000E-3	+1.53797595E-08
127.744306E+0	25.000000E+0	25.000000	3.000000E-3	+6.08544577E-08
128.168331E+0	25.000000E+0	25.000000	3.010000E-3	+4.74141580E-08
128.594355E+0	25.000000E+0	25.000000	3.020000E-3	+5.66101525E-08
129.020380E+0	25.000000E+0	25.000000	3.030000E-3	+2.26557112E-08
129.445404E+0	25.000000E+0	25.000000	3.040000E-3	+3.51384063E-08
129.871428E+0	25.000000E+0	25.000000	3.050000E-3	+3.41278570E-08
130.298453E+0	25.000000E+0	25.000000	3.060000E-3	+6.88907533E-08
130.723476E+0	25.000000E+0	25.000000	3.070000E-3	+1.92727821E-08
131.152502E+0	25.000000E+0	25.000000	3.080000E-3	+5.34293488E-08
131.577526E+0	25.000000E+0	25.000000	3.090000E-3	+8.65753663E-08
132.003550E+0	25.000000E+0	25.000000	3.100000E-3	+5.64609968E-08
132.429574E+0	25.000000E+0	25.000000	3.110000E-3	+7.92994112E-08
132.856599E+0	25.000000E+0	25.000000	3.120000E-3	+5.96947546E-08
133.280623E+0	25.000000E+0	25.000000	3.130000E-3	+7.69751478E-08
133.706647E+0	25.000000E+0	25.000000	3.140000E-3	+7.86964011E-08
134.133672E+0	25.000000E+0	25.000000	3.150000E-3	+8.43554774E-08
134.558696E+0	25.000000E+0	25.000000	3.160000E-3	+1.04162244E-07
134.985721E+0	25.000000E+0	25.000000	3.170000E-3	+8.14248843E-08
135.413745E+0	25.000000E+0	25.000000	3.180000E-3	+7.78879616E-08
135.839769E+0	25.000000E+0	25.000000	3.190000E-3	+7.68774123E-08
136.266794E+0	25.000000E+0	25.000000	3.200000E-3	+9.99179372E-08
136.691818E+0	25.000000E+0	25.000000	3.210000E-3	+8.16269942E-08
137.116842E+0	25.000000E+0	25.000000	3.220000E-3	+1.13560353E-07
137.543867E+0	25.000000E+0	25.000000	3.230000E-3	+1.05577014E-07
137.969891E+0	25.000000E+0	25.000000	3.240000E-3	+1.13641028E-07
138.396916E+0	25.000000E+0	25.000000	3.250000E-3	+1.24656014E-07
138.821940E+0	25.000000E+0	25.000000	3.260000E-3	+1.06264019E-07
139.247964E+0	25.000000E+0	25.000000	3.270000E-3	+1.11923094E-07
139.673989E+0	25.000000E+0	25.000000	3.280000E-3	+1.07981953E-07
140.100013E+0	25.000000E+0	25.000000	3.290000E-3	+1.39106867E-07
140.524037E+0	25.000000E+0	25.000000	3.300000E-3	+1.04950305E-07
140.950061E+0	25.000000E+0	25.000000	3.310000E-3	+1.52244006E-07
141.376086E+0	25.000000E+0	25.000000	3.320000E-3	+1.20310653E-07
141.803110E+0	25.000000E+0	25.000000	3.330000E-3	+1.34862560E-07
142.231135E+0	25.000000E+0	25.000000	3.340000E-3	+1.43558327E-07
142.656159E+0	25.000000E+0	25.000000	3.350000E-3	+1.43558327E-07
143.080184E+0	25.000000E+0	25.000000	3.360000E-3	+1.22741013E-07
143.506208E+0	25.000000E+0	25.000000	3.370000E-3	+1.32644396E-07
143.933232E+0	25.000000E+0	25.000000	3.380000E-3	+1.51440611E-07
144.360257E+0	25.000000E+0	25.000000	3.390000E-3	+1.30522242E-07
144.784281E+0	25.000000E+0	25.000000	3.400000E-3	+7.74684088E-08
145.210305E+0	25.000000E+0	25.000000	3.410000E-3	+1.23044178E-07
145.635329E+0	25.000000E+0	25.000000	3.420000E-3	+1.35574988E-07
146.060354E+0	25.000000E+0	25.000000	3.430000E-3	+1.75188517E-07
146.487378E+0	25.000000E+0	25.000000	3.440000E-3	+2.06180509E-07
146.912403E+0	25.000000E+0	25.000000	3.450000E-3	+1.67678594E-07
147.338427E+0	25.000000E+0	25.000000	3.460000E-3	+1.78693578E-07
147.762452E+0	25.000000E+0	25.000000	3.470000E-3	+1.95771855E-07
148.188476E+0	25.000000E+0	25.000000	3.480000E-3	+1.85363201E-07
148.614500E+0	25.000000E+0	25.000000	3.490000E-3	+1.58684709E-07
149.040524E+0	25.000000E+0	25.000000	3.500000E-3	+2.18307096E-07
149.466548E+0	25.000000E+0	25.000000	3.510000E-3	+1.06641439E-07
149.890573E+0	25.000000E+0	25.000000	3.520000E-3	+1.69699692E-07
150.316597E+0	25.000000E+0	25.000000	3.530000E-3	+2.16488108E-07
150.744622E+0	25.000000E+0	25.000000	3.540000E-3	+2.22487587E-07
151.171646E+0	25.000000E+0	25.000000	3.550000E-3	+1.65997884E-07
151.595671E+0	25.000000E+0	25.000000	3.560000E-3	+2.01468162E-07
152.020695E+0	25.000000E+0	25.000000	3.570000E-3	+2.09754666E-07
152.449719E+0	25.000000E+0	25.000000	3.580000E-3	+2.10259941E-07
152.876744E+0	25.000000E+0	25.000000	3.590000E-3	+1.73273838E-07
153.302768E+0	25.000000E+0	25.000000	3.600000E-3	+2.01063943E-07
153.728793E+0	25.000000E+0	25.000000	3.610000E-3	+2.33199409E-07
154.154817E+0	25.000000E+0	25.000000	3.620000E-3	+2.50985076E-07
154.580842E+0	25.000000E+0	25.000000	3.630000E-3	+2.21780202E-07
155.008866E+0	25.000000E+0	25.000000	3.640000E-3	+2.60676260E-07
155.433890E+0	25.000000E+0	25.000000	3.650000E-3	+2.55219295E-07
155.858914E+0	25.000000E+0	25.000000	3.660000E-3	+2.77148212E-07
156.282938E+0	25.000000E+0	25.000000	3.670000E-3	+2.48347560E-07
156.709963E+0	25.000000E+0	25.000000	3.680000E-3	+2.54916130E-07
157.135987E+0	25.000000E+0	25.000000	3.690000E-3	+2.75430278E-07
157.562012E+0	25.000000E+0	25.000000	3.700000E-3	+2.65425841E-07
157.989036E+0	25.000000E+0	25.000000	3.710000E-3	+2.49358109E-07
158.415061E+0	25.000000E+0	25.000000	3.720000E-3	+2.57543558E-07
158.841085E+0	25.000000E+0	25.000000	3.730000E-3	+2.94933877E-07
159.266109E+0	25.000000E+0	25.000000	3.740000E-3	+2.62333877E-07
159.692133E+0	25.000000E+0	25.000000	3.750000E-3	+2.65466580E-07
160.117158E+0	25.000000E+0	25.000000	3.760000E-3	+2.86182845E-07
160.542182E+0	25.000000E+0	25.000000	3.770000E-3	+2.99825264E-07
160.969207E+0	25.000000E+0	25.000000	3.780000E-3	+2.08673697E-07
161.395231E+0	25.000000E+0	25.000000	3.790000E-3	+2.72540427E-07
161.818255E+0	25.000000E+0	25.000000	3.800000E-3	+3.16499331E-07
162.241280E+0	25.000000E+0	25.000000	3.810000E-3	+3.03463242E-07
162.668304E+0	25.000000E+0	25.000000	3.820000E-3	+2.60514888E-07
163.093328E+0	25.000000E+0	25.000000	3.830000E-3	+3.11547638E-07
163.518353E+0	25.000000E+0	25.000000	3.840000E-3	+3.15373877E-07
163.943377E+0	25.000000E+0	25.000000	3.850000E-3	+3.05066273E-07
164.368401E+0	25.000000E+0	25.000000	3.860000E-3	+3.15980207E-07
164.794425E+0	25.000000E+0	25.000000	3.870000E-3	+3.13959108E-07
165.220450E+0	25.000000E+0	25.000000	3.880000E-3	+3.38616513E-07
165.646474E+0	25.000000E+0	25.000000	3.890000E-3	+3.08300031E-07
166.071498E+0	25.000000E+0	25.000000	3.900000E-3	+3.25075151E-07
166.497523E+0	25.000000E+0	25.000000	3.910000E-3	+3.48924117E-07
166.923547E+0	25.000000E+0	25.000000	3.920000E-3	+3.63273919E-07
167.350572E+0	25.000000E+0	25.000000	3.930000E-3	+3.34574316E-07
167.776596E+0	25.000000E+0	25.000000	3.940000E-3	+3.41935156E-07
168.202621E+0	25.000000E+0	25.000000	3.950000E-3	+3.48301616E-07
168.629644E+0	25.000000E+0	25.000000	3.960000E-3	+3.36073970E-07
169.056669E+0	25.000000E+0	25.000000	3.970000E-3	+3.34760256E-07
169.483694E+0	25.000000E+0	25.000000	3.980000E-3	+3.78314929E-07
169.909718E+0	25.000000E+0	25.000000	3.990000E-3	+3.61337702E-07
170.334742E+0	25.000000E+0	25.000000	4.000000E-3	+3.46987902E-07
170.759767E+0	25.000000E+0	25.000000	4.010000E-3	+3.34052872E-07
171.184791E+0	25.000000E+0	25.000000	4.020000E-3	+3.80639192E-07
171.609816E+0	25.000000E+0	25.000000	4.030000E-3	+3.13740831E-07
172.036840E+0	25.000000E+0	25.000000	4.040000E-3	+3.74997696E-07
172.462864E+0	25.000000E+0	25.000000	4.050000E-3	+3.27400819E-07
172.888889E+0	25.000000E+0	25.000000	4.060000E-3	+3.40942181E-07
173.313912E+0	25.000000E+0	25.000000	4.070000E-3	+4.09558486E-07
173.742938E+0	25.000000E+0	25.000000	4.080000E-3	+4.06526838E-07
174.168962E+0	25.000000E+0	25.000000	4.090000E-3	+3.56201477E-07
174.596986E+0	25.000000E+0	25.000000	4.100000E-3	+4.18148156E-07
175.019010E+0	25.000000E+0	25.000000	4.110000E-3	+4.11175365E-07
175.445035E+0	25.000000E+0	25.000000	4.120000E-3	+4.32599012E-07
175.870059E+0	25.000000E+0	25.000000	4.130000E-3	+3.90964377E-07
176.295084E+0	25.000000E+0	25.000000	4.140000E-3	+4.18518310E-07
176.722108E+0	25.000000E+0	25.000000	4.150000E-3	+4.05987501E-07
177.147132E+0	25.000000E+0	25.000000	4.160000E-3	+4.19124639E-07
177.573157E+0	25.000000E+0	25.000000	4.170000E-3	+3.69102458E-07
177.999181E+0	25.000000E+0	25.000000	4.180000E-3	+3.69910897E-07
178.424205E+0	25.000000E+0	25.000000	4.190000E-3	+4.30442790E-07
178.850229E+0	25.000000E+0	25.000000	4.200000E-3	+3.46668268E-07
179.276254E+0	25.000000E+0	25.000000	4.210000E-3	+4.05280117E-07
179.701278E+0	25.000000E+0	25.000000	4.220000E-3	+4.40245116E-07
180.128303E+0	25.000000E+0	25.000000	4.230000E-3	+4.56312847E-07
180.552327E+0	25.000000E+0	25.000000	4.240000E-3	+4.63271953E-07
180.978351E+0	25.000000E+0	25.000000	4.250000E-3	+4.84291373E-07
181.404376E+0	25.000000E+0	25.000000	4.260000E-3	+4.75701706E-07
181.829400E+0	25.000000E+0	25.000000	4.270000E-3	+4.79946012E-07
182.258424E+0	25.000000E+0	25.000000	4.280000E-3	+4.82977659E-07
182.683449E+0	25.000000E+0	25.000000	4.290000E-3	+4.78733353E-07
183.109473E+0	25.000000E+0	25.000000	4.300000E-3	+4.71558455E-07
183.533497E+0	25.000000E+0	25.000000	4.310000E-3	+4.37604009E-07
183.959521E+0	25.000000E+0	25.000000	4.320000E-3	+4.81360780E-07
184.385546E+0	25.000000E+0	25.000000	4.330000E-3	+5.01167541E-07
184.812570E+0	25.000000E+0	25.000000	4.340000E-3	+4.90036495E-07
185.236595E+0	25.000000E+0	25.000000	4.350000E-3	+4.70027628E-07
185.662619E+0	25.000000E+0	25.000000	4.360000E-3	+5.13683339E-07
186.088644E+0	25.000000E+0	25.000000	4.370000E-3	+4.92562867E-07
186.515668E+0	25.000000E+0	25.000000	4.380000E-3	+5.21464565E-07
186.941692E+0	25.000000E+0	25.000000	4.390000E-3	+4.69724463E-07
187.365716E+0	25.000000E+0	25.000000	4.400000E-3	+5.41877652E-07
187.790740E+0	25.000000E+0	25.000000	4.410000E-3	+5.32883767E-07
188.217765E+0	25.000000E+0	25.000000	4.420000E-3	+5.32681657E-07
188.641789E+0	25.000000E+0	25.000000	4.430000E-3	+5.17826589E-07
189.067814E+0	25.000000E+0	25.000000	4.440000E-3	+4.81042875E-07
189.491838E+0	25.000000E+0	25.000000	4.450000E-3	+5.01860182E-07
189.915862E+0	25.000000E+0	25.000000	4.460000E-3	+5.08832969E-07
190.340887E+0	25.000000E+0	25.000000	4.470000E-3	+5.24294366E-07
190.767911E+0	25.000000E+0	25.000000	4.480000E-3	+5.14593097E-07
191.191936E+0	25.000000E+0	25.000000	4.490000E-3	+5.41675807E-07
191.616960E+0	25.000000E+0	25.000000	4.500000E-3	+5.25405970E-07
192.040984E+0	25.000000E+0	25.000000	4.510000E-3	+5.47132771E-07
192.466008E+0	25.000000E+0	25.000000	4.520000E-3	+5.38239941E-07
192.892033E+0	25.000000E+0	25.000000	4.530000E-3	+5.81592487E-07
193.319057E+0	25.000000E+0	25.000000	4.540000E-3	+5.55697256E-07
193.744081E+0	25.000000E+0	25.000000	4.550000E-3	+5.45995989E-07
194.169106E+0	25.000000E+0	25.000000	4.560000E-3	+5.57617298E-07
194.594130E+0	25.000000E+0	25.000000	4.570000E-3	+5.11132061E-07
195.022154E+0	25.000000E+0	25.000000	4.580000E-3	+5.17296407E-07
195.447179E+0	25.000000E+0	25.000000	4.590000E-3	+5.60143670E-07
195.873203E+0	25.000000E+0	25.000000	4.600000E-3	+5.52867720E-07
196.299227E+0	25.000000E+0	25.000000	4.610000E-3	+5.19822779E-07
196.723252E+0	25.000000E+0	25.000000	4.620000E-3	+5.64590084E-07
197.149276E+0	25.000000E+0	25.000000	4.630000E-3	+5.61154219E-07
197.577301E+0	25.000000E+0	25.000000	4.640000E-3	+5.78262002E-07
198.002325E+0	25.000000E+0	25.000000	4.650000E-3	+4.93274839E-07
198.428349E+0	25.000000E+0	25.000000	4.660000E-3	+5.79171496E-07
198.853374E+0	25.000000E+0	25.000000	4.670000E-3	+5.75735630E-07
199.282398E+0	25.000000E+0	25.000000	4.680000E-3	+5.70581831E-07
199.707422E+0	25.000000E+0	25.000000	4.690000E-3	+6.06052097E-07
200.133447E+0	25.000000E+0	25.000000	4.700000E-3	+5.69571282E-07
200.557471E+0	25.000000E+0	25.000000	4.710000E-3	+5.98068761E-07
200.982495E+0	25.000000E+0	25.000000	4.720000E-3	+5.77049344E-07
201.409520E+0	25.000000E+0	25.000000	4.730000E-3	+5.35010509E-07
201.836544E+0	25.000000E+0	25.000000	4.740000E-3	+5.49261355E-07
202.261569E+0	25.000000E+0	25.000000	4.750000E-3	+6.19393450E-07
202.688593E+0	25.000000E+0	25.000000	4.760000E-3	+6.17574462E-07
203.114617E+0	25.000000E+0	25.000000	4.770000E-3	+6.07165808E-07
203.542642E+0	25.000000E+0	25.000000	4.780000E-3	+6.23738811E-07
203.967666E+0	25.000000E+0	25.000000	4.790000E-3	+6.10601675E-07
204.393690E+0	25.000000E+0	25.000000	4.800000E-3	+6.19393450E-07
204.818715E+0	25.000000E+0	25.000000	4.810000E-3	+5.69169169E-07
205.245739E+0	25.000000E+0	25.000000	4.820000E-3	+5.61994271E-07
205.672764E+0	25.000000E+0	25.000000	4.830000E-3	+6.26669403E-07
206.099788E+0	25.000000E+0	25.000000	4.840000E-3	+6.58598977E-07
206.524812E+0	25.000000E+0	25.000000	4.850000E-3	+6.37882724E-07
206.949837E+0	25.000000E+0	25.000000	4.860000E-3	+6.24442424E-07
207.375861E+0	25.000000E+0	25.000000	4.870000E-3	+6.48796652E-07
207.803885E+0	25.000000E+0	25.000000	4.880000E-3	+6.54051507E-07
208.229910E+0	25.000000E+0	25.000000	4.890000E-3	+6.57588428E-07
208.655934E+0	25.000000E+0	25.000000	4.900000E-3	+6.32021541E-07
209.081959E+0	25.000000E+0	25.000000	4.910000E-3	+6.80831052E-07
209.507983E+0	25.000000E+0	25.000000	4.920000E-3	+6.69613960E-07
209.933007E+0	25.000000E+0	25.000000	4.930000E-3	+6.67087587E-07
210.360032E+0	25.000000E+0	25.000000	4.940000E-3	+6.69343479E-07
210.785056E+0	25.000000E+0	25.000000	4.950000E-3	+6.79448971E-07
211.211080E+0	25.000000E+0	25.000000	4.960000E-3	+6.96224087E-07
211.637105E+0	25.000000E+0	25.000000	4.970000E-3	+6.68636094E-07
212.066129E+0	25.000000E+0	25.000000	4.980000E-3	+6.84198552E-07
212.492154E+0	25.000000E+0	25.000000	4.990000E-3	+6.94101934E-07
	Temp	25.500000	
Time	TEMP	REAL TEMP	CURRENT	VOLTAGE
695.093757E+0	25.500000E+0	25.500000	0.000000E+0	-9.69541150E-08
695.527782E+0	25.500000E+0	25.500000	10.000000E-6	-6.90629329E-08
695.953806E+0	25.500000E+0	25.500000	20.000000E-6	-9.99070868E-08
696.378830E+0	25.500000E+0	25.500000	30.000000E-6	-9.47532824E-08
696.805855E+0	25.500000E+0	25.500000	40.000000E-6	-8.78815433E-08
697.230879E+0	25.500000E+0	25.500000	50.000000E-6	-1.31638353E-07
697.659904E+0	25.500000E+0	25.500000	60.000000E-6	-9.37427326E-08
698.085928E+0	25.500000E+0	25.500000	70.000000E-6	-8.66688834E-08
698.511952E+0	25.500000E+0	25.500000	80.000000E-6	-7.55528347E-08
698.937977E+0	25.500000E+0	25.500000	90.000000E-6	-9.61680523E-08
699.364001E+0	25.500000E+0	25.500000	100.000000E-6	-1.41036467E-07
699.789025E+0	25.500000E+0	25.500000	110.000000E-6	-1.11629465E-07
700.215050E+0	25.500000E+0	25.500000	120.000000E-6	-5.67653450E-08
700.642074E+0	25.500000E+0	25.500000	130.000000E-6	-1.04160131E-07
701.068099E+0	25.500000E+0	25.500000	140.000000E-6	-7.86942757E-08
701.494123E+0	25.500000E+0	25.500000	150.000000E-6	-7.10140972E-08
701.922147E+0	25.500000E+0	25.500000	160.000000E-6	-7.68752860E-08
702.346172E+0	25.500000E+0	25.500000	170.000000E-6	-1.25785897E-07
702.772196E+0	25.500000E+0	25.500000	180.000000E-6	-8.13217052E-08
703.198221E+0	25.500000E+0	25.500000	190.000000E-6	-6.03022693E-08
703.624245E+0	25.500000E+0	25.500000	200.000000E-6	-6.89929976E-08
704.050269E+0	25.500000E+0	25.500000	210.000000E-6	-1.06484395E-07
704.477293E+0	25.500000E+0	25.500000	220.000000E-6	-6.80081307E-08
704.903318E+0	25.500000E+0	25.500000	230.000000E-6	-6.30564378E-08
705.329342E+0	25.500000E+0	25.500000	240.000000E-6	-8.01347257E-08
705.755367E+0	25.500000E+0	25.500000	250.000000E-6	-8.76127926E-08
706.183391E+0	25.500000E+0	25.500000	260.000000E-6	-6.09342837E-08
706.608416E+0	25.500000E+0	25.500000	270.000000E-6	-4.94140185E-08
707.034440E+0	25.500000E+0	25.500000	280.000000E-6	-4.57760400E-08
707.462464E+0	25.500000E+0	25.500000	290.000000E-6	-8.18526600E-08
707.887489E+0	25.500000E+0	25.500000	300.000000E-6	-4.68876445E-08
708.312513E+0	25.500000E+0	25.500000	310.000000E-6	-5.73973601E-08
708.738537E+0	25.500000E+0	25.500000	320.000000E-6	-4.87228251E-08
709.162561E+0	25.500000E+0	25.500000	330.000000E-6	-5.24618580E-08
709.588586E+0	25.500000E+0	25.500000	340.000000E-6	-6.99443633E-08
710.013610E+0	25.500000E+0	25.500000	350.000000E-6	-7.07528028E-08
710.440635E+0	25.500000E+0	25.500000	360.000000E-6	-5.32702976E-08
710.865659E+0	25.500000E+0	25.500000	370.000000E-6	-1.05515703E-07
711.291683E+0	25.500000E+0	25.500000	380.000000E-6	-5.98388689E-08
711.717708E+0	25.500000E+0	25.500000	390.000000E-6	-5.42808470E-08
712.144732E+0	25.500000E+0	25.500000	400.000000E-6	-5.28660778E-08
712.569757E+0	25.500000E+0	25.500000	410.000000E-6	-5.05418141E-08
712.997781E+0	25.500000E+0	25.500000	420.000000E-6	-5.60445053E-08
713.421805E+0	25.500000E+0	25.500000	430.000000E-6	-7.65586508E-08
713.847829E+0	25.500000E+0	25.500000	440.000000E-6	-6.47352270E-08
714.273854E+0	25.500000E+0	25.500000	450.000000E-6	-5.44276268E-08
714.701878E+0	25.500000E+0	25.500000	460.000000E-6	-1.10513098E-07
715.127903E+0	25.500000E+0	25.500000	470.000000E-6	-6.11983054E-08
715.553927E+0	25.500000E+0	25.500000	480.000000E-6	-4.74548385E-08
715.979951E+0	25.500000E+0	25.500000	490.000000E-6	-8.07019018E-08
716.405976E+0	25.500000E+0	25.500000	500.000000E-6	-4.50295208E-08
716.833000E+0	25.500000E+0	25.500000	510.000000E-6	-8.73715255E-08
717.259025E+0	25.500000E+0	25.500000	520.000000E-6	-3.73425557E-08
717.684049E+0	25.500000E+0	25.500000	530.000000E-6	-4.76501565E-08
718.110074E+0	25.500000E+0	25.500000	540.000000E-6	-6.62442598E-08
718.535098E+0	25.500000E+0	25.500000	550.000000E-6	-6.94780170E-08
718.963122E+0	25.500000E+0	25.500000	560.000000E-6	-2.54180763E-08
719.389147E+0	25.500000E+0	25.500000	570.000000E-6	-2.92581629E-08
719.815171E+0	25.500000E+0	25.500000	580.000000E-6	-2.89549982E-08
720.241195E+0	25.500000E+0	25.500000	590.000000E-6	-2.07695505E-08
720.668220E+0	25.500000E+0	25.500000	600.000000E-6	-2.17800996E-08
721.095244E+0	25.500000E+0	25.500000	610.000000E-6	-1.89505621E-08
721.523269E+0	25.500000E+0	25.500000	620.000000E-6	-1.66044999E-08
721.947293E+0	25.500000E+0	25.500000	630.000000E-6	-1.96361478E-08
722.372317E+0	25.500000E+0	25.500000	640.000000E-6	-4.47790844E-09
722.798341E+0	25.500000E+0	25.500000	650.000000E-6	-2.75997465E-09
723.226366E+0	25.500000E+0	25.500000	660.000000E-6	-1.32696872E-08
723.653390E+0	25.500000E+0	25.500000	670.000000E-6	+1.88855208E-09
724.078414E+0	25.500000E+0	25.500000	680.000000E-6	+5.93074923E-09
724.504439E+0	25.500000E+0	25.500000	690.000000E-6	-5.48845772E-09
724.930463E+0	25.500000E+0	25.500000	700.000000E-6	-1.56950055E-08
725.357488E+0	25.500000E+0	25.500000	710.000000E-6	-1.76150492E-08
725.783512E+0	25.500000E+0	25.500000	720.000000E-6	+1.62254351E-08
726.209537E+0	25.500000E+0	25.500000	730.000000E-6	+3.29040568E-09
726.634561E+0	25.500000E+0	25.500000	740.000000E-6	+2.71393662E-08
727.061585E+0	25.500000E+0	25.500000	750.000000E-6	+2.38045539E-08
727.488610E+0	25.500000E+0	25.500000	760.000000E-6	+1.74380941E-08
727.914634E+0	25.500000E+0	25.500000	770.000000E-6	+3.48195399E-08
728.340659E+0	25.500000E+0	25.500000	780.000000E-6	-2.77288937E-09
728.767683E+0	25.500000E+0	25.500000	790.000000E-6	-9.53900856E-10
729.191707E+0	25.500000E+0	25.500000	800.000000E-6	+5.99822144E-08
729.615731E+0	25.500000E+0	25.500000	810.000000E-6	+5.01798874E-08
730.043756E+0	25.500000E+0	25.500000	820.000000E-6	+4.95801965E-08
730.470780E+0	25.500000E+0	25.500000	830.000000E-6	+3.34114088E-08
730.896805E+0	25.500000E+0	25.500000	840.000000E-6	+5.62130492E-09
731.322829E+0	25.500000E+0	25.500000	850.000000E-6	+4.80643727E-08
731.750854E+0	25.500000E+0	25.500000	860.000000E-6	+5.61487666E-08
732.176878E+0	25.500000E+0	25.500000	870.000000E-6	+4.42242856E-08
732.603902E+0	25.500000E+0	25.500000	880.000000E-6	+7.82797948E-08
733.030927E+0	25.500000E+0	25.490000	890.000000E-6	+9.04063856E-08
733.456951E+0	25.500000E+0	25.490000	900.000000E-6	+8.71726280E-08
733.882976E+0	25.500000E+0	25.490000	910.000000E-6	+4.24052970E-08
734.310000E+0	25.500000E+0	25.490000	920.000000E-6	+5.79801588E-08
734.736024E+0	25.500000E+0	25.490000	930.000000E-6	+9.57747041E-08
735.162049E+0	25.500000E+0	25.490000	940.000000E-6	+7.75848160E-08
735.587073E+0	25.500000E+0	25.490000	950.000000E-6	+1.08406571E-07
736.015098E+0	25.500000E+0	25.490000	960.000000E-6	+1.05374923E-07
736.441122E+0	25.500000E+0	25.490000	970.000000E-6	+1.00019011E-07
736.867146E+0	25.500000E+0	25.490000	980.000000E-6	+1.22756372E-07
737.293170E+0	25.500000E+0	25.490000	990.000000E-6	+1.18006790E-07
737.719195E+0	25.500000E+0	25.490000	1.000000E-3	+1.05779143E-07
738.145219E+0	25.500000E+0	25.490000	1.010000E-3	+1.15177251E-07
738.572244E+0	25.500000E+0	25.490000	1.020000E-3	+1.36780178E-07
738.999268E+0	25.500000E+0	25.490000	1.030000E-3	+1.14042823E-07
739.426292E+0	25.500000E+0	25.490000	1.040000E-3	+1.06867924E-07
739.853317E+0	25.500000E+0	25.490000	1.050000E-3	+1.25866248E-07
740.283341E+0	25.500000E+0	25.490000	1.060000E-3	+6.65470131E-08
740.708366E+0	25.500000E+0	25.490000	1.070000E-3	+1.56789052E-07
741.134390E+0	25.500000E+0	25.490000	1.080000E-3	+1.46885670E-07
741.559414E+0	25.500000E+0	25.490000	1.090000E-3	+1.46683560E-07
741.985439E+0	25.500000E+0	25.490000	1.100000E-3	+1.60730193E-07
742.408463E+0	25.500000E+0	25.490000	1.110000E-3	+1.58911205E-07
742.835487E+0	25.500000E+0	25.490000	1.120000E-3	+1.22753991E-07
743.264512E+0	25.500000E+0	25.490000	1.130000E-3	+1.58628492E-07
743.687536E+0	25.500000E+0	25.490000	1.140000E-3	+1.62468579E-07
744.114561E+0	25.500000E+0	25.490000	1.150000E-3	+1.71462468E-07
744.544585E+0	25.500000E+0	25.490000	1.160000E-3	+1.52868361E-07
744.968609E+0	25.500000E+0	25.490000	1.170000E-3	+1.72068798E-07
745.393634E+0	25.500000E+0	25.490000	1.180000E-3	+1.78536313E-07
745.818658E+0	25.500000E+0	25.490000	1.190000E-3	+1.26998298E-07
746.245683E+0	25.500000E+0	25.490000	1.200000E-3	+2.02284222E-07
746.671707E+0	25.500000E+0	25.490000	1.210000E-3	+1.93189278E-07
747.097732E+0	25.500000E+0	25.490000	1.220000E-3	+2.17843567E-07
747.523756E+0	25.500000E+0	25.490000	1.230000E-3	+2.07738074E-07
747.949780E+0	25.500000E+0	25.490000	1.240000E-3	+2.17439347E-07
748.376805E+0	25.500000E+0	25.490000	1.250000E-3	+2.22997368E-07
748.803829E+0	25.500000E+0	25.490000	1.260000E-3	+2.10668667E-07
749.228853E+0	25.500000E+0	25.490000	1.270000E-3	+2.16327743E-07
749.655878E+0	25.500000E+0	25.490000	1.280000E-3	+2.23300533E-07
750.080902E+0	25.500000E+0	25.490000	1.290000E-3	+2.24816357E-07
750.504926E+0	25.500000E+0	25.490000	1.300000E-3	+2.31991257E-07
750.932950E+0	25.500000E+0	25.490000	1.310000E-3	+2.26736401E-07
751.358975E+0	25.500000E+0	25.490000	1.320000E-3	+1.92663614E-07
751.783999E+0	25.500000E+0	25.490000	1.330000E-3	+2.64614713E-07
752.210024E+0	25.500000E+0	25.490000	1.340000E-3	+2.01051172E-07
752.635048E+0	25.500000E+0	25.490000	1.350000E-3	+2.08933456E-07
753.061073E+0	25.500000E+0	25.490000	1.360000E-3	+2.38946765E-07
753.487097E+0	25.500000E+0	25.490000	1.370000E-3	+2.51376520E-07
753.912121E+0	25.500000E+0	25.490000	1.380000E-3	+2.62997835E-07
754.337145E+0	25.500000E+0	25.490000	1.390000E-3	+2.45010060E-07
754.764170E+0	25.500000E+0	25.490000	1.400000E-3	+2.76337083E-07
755.190194E+0	25.500000E+0	25.490000	1.410000E-3	+2.72598052E-07
755.618218E+0	25.500000E+0	25.490000	1.420000E-3	+1.98821764E-07
756.043243E+0	25.500000E+0	25.490000	1.430000E-3	+2.83202613E-07
756.469267E+0	25.500000E+0	25.490000	1.440000E-3	+3.15742293E-07
756.894292E+0	25.500000E+0	25.490000	1.450000E-3	+2.79665691E-07
757.322316E+0	25.500000E+0	25.490000	1.460000E-3	+1.91242646E-07
757.747341E+0	25.500000E+0	25.490000	1.470000E-3	+2.92297554E-07
758.174365E+0	25.500000E+0	25.490000	1.480000E-3	+3.03918869E-07
758.599390E+0	25.500000E+0	25.490000	1.490000E-3	+3.12710646E-07
759.023414E+0	25.500000E+0	25.490000	1.500000E-3	+2.63901125E-07
759.448438E+0	25.500000E+0	25.490000	1.510000E-3	+3.05232583E-07
759.873462E+0	25.500000E+0	25.490000	1.520000E-3	+3.03889306E-07
760.300487E+0	25.500000E+0	25.490000	1.530000E-3	+3.11064202E-07
760.727511E+0	25.500000E+0	25.490000	1.540000E-3	+2.84688878E-07
761.153535E+0	25.500000E+0	25.490000	1.550000E-3	+2.26582320E-07
761.579560E+0	25.500000E+0	25.490000	1.560000E-3	+2.89438457E-07
762.005584E+0	25.500000E+0	25.490000	1.570000E-3	+3.33801551E-07
762.430608E+0	25.500000E+0	25.490000	1.580000E-3	+3.16723276E-07
762.853632E+0	25.500000E+0	25.490000	1.590000E-3	+3.82105785E-07
763.279657E+0	25.500000E+0	25.490000	1.600000E-3	+3.57044174E-07
763.704681E+0	25.500000E+0	25.490000	1.610000E-3	+3.35418429E-07
764.129705E+0	25.500000E+0	25.490000	1.620000E-3	+3.56958323E-07
764.553730E+0	25.500000E+0	25.490000	1.630000E-3	+3.45741229E-07
764.980754E+0	25.500000E+0	25.490000	1.640000E-3	+3.62112122E-07
765.404778E+0	25.500000E+0	25.490000	1.650000E-3	+3.52309797E-07
765.831803E+0	25.500000E+0	25.490000	1.660000E-3	+3.40385320E-07
766.256827E+0	25.500000E+0	25.490000	1.670000E-3	+3.68882800E-07
766.682851E+0	25.500000E+0	25.490000	1.680000E-3	+3.86870572E-07
767.108876E+0	25.500000E+0	25.490000	1.690000E-3	+3.88790615E-07
767.533900E+0	25.500000E+0	25.490000	1.700000E-3	+3.92630701E-07
767.959925E+0	25.500000E+0	25.490000	1.710000E-3	+4.08294210E-07
768.387949E+0	25.500000E+0	25.490000	1.720000E-3	+3.84538173E-07
768.812973E+0	25.500000E+0	25.490000	1.730000E-3	+4.01010120E-07
769.239998E+0	25.500000E+0	25.490000	1.740000E-3	+4.05557590E-07
769.664022E+0	25.500000E+0	25.490000	1.750000E-3	+4.38703593E-07
770.093047E+0	25.500000E+0	25.490000	1.760000E-3	+4.01414339E-07
770.518071E+0	25.500000E+0	25.490000	1.770000E-3	+3.74028464E-07
770.943095E+0	25.500000E+0	25.490000	1.780000E-3	+3.72108421E-07
771.370120E+0	25.500000E+0	25.490000	1.790000E-3	+4.33852959E-07
771.795144E+0	25.500000E+0	25.490000	1.800000E-3	+3.75140068E-07
772.221168E+0	25.500000E+0	25.490000	1.810000E-3	+3.86862435E-07
772.648192E+0	25.500000E+0	25.490000	1.820000E-3	+4.46412032E-07
773.071217E+0	25.500000E+0	25.490000	1.830000E-3	+4.46007813E-07
773.496242E+0	25.500000E+0	25.490000	1.840000E-3	+4.47624691E-07
773.922266E+0	25.500000E+0	25.490000	1.850000E-3	+4.43986714E-07
774.350290E+0	25.500000E+0	25.490000	1.860000E-3	+4.32567509E-07
774.774314E+0	25.500000E+0	25.490000	1.870000E-3	+4.02149980E-07
775.202339E+0	25.500000E+0	25.490000	1.880000E-3	+4.42167726E-07
775.626363E+0	25.500000E+0	25.490000	1.890000E-3	+4.43885659E-07
776.052387E+0	25.500000E+0	25.490000	1.900000E-3	+4.88450876E-07
776.475412E+0	25.500000E+0	25.490000	1.910000E-3	+4.48231021E-07
776.903436E+0	25.500000E+0	25.490000	1.920000E-3	+4.60578909E-07
777.329461E+0	25.500000E+0	25.490000	1.930000E-3	+4.97868179E-07
777.755485E+0	25.500000E+0	25.490000	1.940000E-3	+4.71290732E-07
778.180509E+0	25.500000E+0	25.490000	1.950000E-3	+4.77151918E-07
778.607533E+0	25.500000E+0	25.490000	1.960000E-3	+4.67854864E-07
779.032558E+0	25.500000E+0	25.490000	1.970000E-3	+4.99181893E-07
779.458582E+0	25.500000E+0	25.490000	1.980000E-3	+4.96857629E-07
779.884607E+0	25.500000E+0	25.490000	1.990000E-3	+4.51989240E-07
780.309631E+0	25.500000E+0	25.490000	2.000000E-3	+5.13430638E-07
780.736655E+0	25.500000E+0	25.490000	2.010000E-3	+5.23738241E-07
781.161680E+0	25.500000E+0	25.490000	2.020000E-3	+4.96490836E-07
781.585704E+0	25.500000E+0	25.490000	2.030000E-3	+5.36003327E-07
782.011728E+0	25.500000E+0	25.490000	2.040000E-3	+5.13670180E-07
782.438753E+0	25.500000E+0	25.490000	2.050000E-3	+5.29838974E-07
782.867777E+0	25.500000E+0	25.490000	2.060000E-3	+5.18925038E-07
783.294802E+0	25.500000E+0	25.490000	2.070000E-3	+5.32163238E-07
783.718826E+0	25.500000E+0	25.490000	2.080000E-3	+5.47927812E-07
784.146850E+0	25.500000E+0	25.490000	2.090000E-3	+5.45300383E-07
784.572875E+0	25.500000E+0	25.490000	2.100000E-3	+4.90831758E-07
784.998899E+0	25.500000E+0	25.490000	2.110000E-3	+5.18925038E-07
785.426924E+0	25.500000E+0	25.490000	2.120000E-3	+5.71178844E-07
785.851948E+0	25.500000E+0	25.490000	2.130000E-3	+5.13577511E-07
786.277972E+0	25.500000E+0	25.490000	2.140000E-3	+5.55010049E-07
786.705997E+0	25.500000E+0	25.490000	2.150000E-3	+5.19438700E-07
787.132021E+0	25.500000E+0	25.490000	2.160000E-3	+5.85326540E-07
787.560045E+0	25.500000E+0	25.490000	2.170000E-3	+5.68248250E-07
787.984070E+0	25.500000E+0	25.490000	2.180000E-3	+5.49148861E-07
788.409094E+0	25.500000E+0	25.490000	2.190000E-3	+5.15497556E-07
788.833118E+0	25.500000E+0	25.490000	2.200000E-3	+5.34293780E-07
789.260143E+0	25.500000E+0	25.490000	2.210000E-3	+5.19741865E-07
789.686167E+0	25.500000E+0	25.490000	2.220000E-3	+5.86645469E-07
790.110191E+0	25.500000E+0	25.490000	2.230000E-3	+5.90990833E-07
790.536216E+0	25.500000E+0	25.490000	2.240000E-3	+5.78965291E-07
790.962240E+0	25.500000E+0	25.490000	2.250000E-3	+5.73811487E-07
791.389265E+0	25.500000E+0	25.490000	2.260000E-3	+6.00591056E-07
791.816289E+0	25.500000E+0	25.490000	2.270000E-3	+5.99580506E-07
792.241313E+0	25.500000E+0	25.490000	2.280000E-3	+5.58147966E-07
792.665338E+0	25.500000E+0	25.490000	2.290000E-3	+5.62291220E-07
793.093362E+0	25.500000E+0	25.490000	2.300000E-3	+5.80683226E-07
793.518386E+0	25.500000E+0	25.490000	2.310000E-3	+6.01298440E-07
793.946411E+0	25.500000E+0	25.490000	2.320000E-3	+5.84578117E-07
794.369435E+0	25.500000E+0	25.490000	2.330000E-3	+6.00949017E-07
794.796459E+0	25.500000E+0	25.490000	2.340000E-3	+5.80738030E-07
795.221484E+0	25.500000E+0	25.490000	2.350000E-3	+5.96603655E-07
795.651509E+0	25.500000E+0	25.490000	2.360000E-3	+6.02060621E-07
796.075532E+0	25.500000E+0	25.490000	2.370000E-3	+5.58000669E-07
796.501557E+0	25.500000E+0	25.490000	2.380000E-3	+6.32983431E-07
796.928581E+0	25.500000E+0	25.490000	2.390000E-3	+5.90136139E-07
797.353606E+0	25.500000E+0	25.490000	2.400000E-3	+6.13075609E-07
797.777630E+0	25.500000E+0	25.490000	2.410000E-3	+6.38541452E-07
798.202654E+0	25.500000E+0	25.490000	2.420000E-3	+6.19671266E-07
798.627678E+0	25.500000E+0	25.490000	2.430000E-3	+6.19469156E-07
799.053703E+0	25.500000E+0	25.490000	2.440000E-3	+6.41802283E-07
799.478727E+0	25.500000E+0	25.490000	2.450000E-3	+6.35637935E-07
799.906752E+0	25.500000E+0	25.490000	2.460000E-3	+6.43621270E-07
800.335776E+0	25.500000E+0	25.490000	2.470000E-3	+5.96832865E-07
800.759800E+0	25.500000E+0	25.490000	2.480000E-3	+6.12597425E-07
801.186825E+0	25.500000E+0	25.490000	2.490000E-3	+6.45541313E-07
801.610849E+0	25.500000E+0	25.490000	2.500000E-3	+6.63832244E-07
802.037874E+0	25.500000E+0	25.490000	2.510000E-3	+6.47764520E-07
802.463898E+0	25.500000E+0	25.490000	2.520000E-3	+6.22767744E-07
802.888922E+0	25.500000E+0	25.490000	2.530000E-3	+6.39138628E-07
803.314947E+0	25.500000E+0	25.490000	2.540000E-3	+6.89059719E-07
803.741971E+0	25.500000E+0	25.490000	2.550000E-3	+6.77539467E-07
804.169996E+0	25.500000E+0	25.490000	2.560000E-3	+6.85219635E-07
804.595020E+0	25.500000E+0	25.490000	2.570000E-3	+6.86432293E-07
805.022045E+0	25.500000E+0	25.490000	2.580000E-3	+7.03005286E-07
805.448069E+0	25.500000E+0	25.490000	2.590000E-3	+6.79156344E-07
805.874093E+0	25.500000E+0	25.490000	2.600000E-3	+6.34490106E-07
806.299118E+0	25.500000E+0	25.490000	2.610000E-3	+6.36511202E-07
806.724142E+0	25.500000E+0	25.490000	2.620000E-3	+6.93583738E-07
807.150166E+0	25.500000E+0	25.490000	2.630000E-3	+6.86813066E-07
807.574190E+0	25.500000E+0	25.490000	2.640000E-3	+7.27538158E-07
808.000215E+0	25.500000E+0	25.490000	2.650000E-3	+6.48715399E-07
808.427239E+0	25.500000E+0	25.490000	2.660000E-3	+6.83781421E-07
808.855264E+0	25.500000E+0	25.490000	2.670000E-3	+7.12683099E-07
809.279288E+0	25.500000E+0	25.490000	2.680000E-3	+7.24304403E-07
809.704312E+0	25.500000E+0	25.490000	2.690000E-3	+7.01466014E-07
810.130337E+0	25.500000E+0	25.490000	2.700000E-3	+7.05407152E-07
810.555361E+0	25.500000E+0	25.490000	2.710000E-3	+7.03891330E-07
810.981385E+0	25.500000E+0	25.490000	2.720000E-3	+7.42318976E-07
811.407409E+0	25.500000E+0	25.490000	2.730000E-3	+7.26150201E-07
811.831434E+0	25.500000E+0	25.490000	2.740000E-3	+7.10082482E-07
812.257458E+0	25.500000E+0	25.490000	2.750000E-3	+7.29383956E-07
812.685483E+0	25.500000E+0	25.490000	2.760000E-3	+7.28272353E-07
813.110507E+0	25.500000E+0	25.490000	2.770000E-3	+7.49089651E-07
813.536531E+0	25.500000E+0	25.490000	2.780000E-3	+7.36255686E-07
813.964556E+0	25.500000E+0	25.490000	2.790000E-3	+7.44239018E-07
814.386580E+0	25.500000E+0	25.490000	2.800000E-3	+7.46866444E-07
814.812604E+0	25.500000E+0	25.490000	2.810000E-3	+7.74757580E-07
815.242629E+0	25.500000E+0	25.490000	2.820000E-3	+7.59251643E-07
815.664653E+0	25.500000E+0	25.490000	2.830000E-3	+7.59251643E-07
816.091677E+0	25.500000E+0	25.500000	2.840000E-3	+7.66729705E-07
816.519702E+0	25.500000E+0	25.500000	2.850000E-3	+7.37019567E-07
816.945726E+0	25.500000E+0	25.500000	2.860000E-3	+7.65820211E-07
817.370750E+0	25.500000E+0	25.500000	2.870000E-3	+7.72489834E-07
817.796775E+0	25.500000E+0	25.500000	2.880000E-3	+7.72287724E-07
818.221799E+0	25.500000E+0	25.500000	2.890000E-3	+7.50156703E-07
818.646824E+0	25.500000E+0	25.500000	2.900000E-3	+7.75117261E-07
819.069848E+0	25.500000E+0	25.500000	2.910000E-3	+8.28373189E-07
819.495872E+0	25.500000E+0	25.500000	2.920000E-3	+7.93829605E-07
819.921896E+0	25.500000E+0	25.500000	2.930000E-3	+7.95042264E-07
820.346921E+0	25.500000E+0	25.500000	2.940000E-3	+8.08684676E-07
820.773945E+0	25.500000E+0	25.500000	2.950000E-3	+7.97467581E-07
821.201970E+0	25.500000E+0	25.500000	2.960000E-3	+7.95648593E-07
821.626994E+0	25.500000E+0	25.500000	2.970000E-3	+7.98377076E-07
822.053019E+0	25.500000E+0	25.500000	2.980000E-3	+7.47243293E-07
822.479043E+0	25.500000E+0	25.500000	2.990000E-3	+7.52498148E-07
822.904067E+0	25.500000E+0	25.500000	3.000000E-3	+7.80288247E-07
823.329092E+0	25.500000E+0	25.500000	3.010000E-3	+7.96052813E-07
823.756116E+0	25.500000E+0	25.500000	3.020000E-3	+8.29236696E-07
824.183140E+0	25.500000E+0	25.500000	3.030000E-3	+7.73454370E-07
824.610165E+0	25.500000E+0	25.500000	3.040000E-3	+8.30146190E-07
825.036189E+0	25.500000E+0	25.500000	3.050000E-3	+8.26508213E-07
825.463213E+0	25.500000E+0	25.500000	3.060000E-3	+8.38735860E-07
825.889238E+0	25.500000E+0	25.500000	3.070000E-3	+7.86490457E-07
826.313262E+0	25.500000E+0	25.500000	3.080000E-3	+8.15392169E-07
826.740287E+0	25.500000E+0	25.500000	3.090000E-3	+8.50155068E-07
827.165311E+0	25.500000E+0	25.500000	3.100000E-3	+8.57633134E-07
827.591335E+0	25.500000E+0	25.500000	3.110000E-3	+8.42778058E-07
828.016360E+0	25.500000E+0	25.500000	3.120000E-3	+8.03780377E-07
828.439384E+0	25.500000E+0	25.500000	3.130000E-3	+8.00142398E-07
828.865408E+0	25.500000E+0	25.500000	3.140000E-3	+8.42181256E-07
829.290432E+0	25.500000E+0	25.500000	3.150000E-3	+7.89531629E-07
829.718457E+0	25.500000E+0	25.500000	3.160000E-3	+8.48648773E-07
830.142481E+0	25.500000E+0	25.500000	3.170000E-3	+8.51175147E-07
830.566505E+0	25.500000E+0	25.500000	3.180000E-3	+8.60977477E-07
830.991530E+0	25.500000E+0	25.500000	3.190000E-3	+8.67141828E-07
831.415554E+0	25.500000E+0	25.500000	3.200000E-3	+8.78763147E-07
831.840578E+0	25.500000E+0	25.500000	3.210000E-3	+8.54307850E-07
832.266603E+0	25.500000E+0	25.500000	3.220000E-3	+8.51162512E-07
832.690627E+0	25.500000E+0	25.500000	3.230000E-3	+8.53284665E-07
833.116652E+0	25.500000E+0	25.500000	3.240000E-3	+8.63794379E-07
833.541676E+0	25.500000E+0	25.500000	3.250000E-3	+8.92190816E-07
833.968700E+0	25.500000E+0	25.500000	3.260000E-3	+8.48838248E-07
834.395725E+0	25.500000E+0	25.500000	3.270000E-3	+8.44189721E-07
834.821749E+0	25.500000E+0	25.500000	3.280000E-3	+8.20643921E-07
835.246773E+0	25.500000E+0	25.500000	3.290000E-3	+8.62076445E-07
835.671797E+0	25.500000E+0	25.500000	3.300000E-3	+8.92797145E-07
836.095822E+0	25.500000E+0	25.500000	3.310000E-3	+8.94818244E-07
836.521846E+0	25.500000E+0	25.500000	3.320000E-3	+9.31841992E-07
836.945870E+0	25.500000E+0	25.500000	3.330000E-3	+9.04355040E-07
837.371895E+0	25.500000E+0	25.500000	3.340000E-3	+8.97483302E-07
837.796919E+0	25.500000E+0	25.500000	3.350000E-3	+9.00717061E-07
838.223943E+0	25.500000E+0	25.500000	3.360000E-3	+8.80303958E-07
838.649968E+0	25.500000E+0	25.500000	3.370000E-3	+9.19715396E-07
839.073992E+0	25.500000E+0	25.500000	3.380000E-3	+9.06679305E-07
839.500017E+0	25.500000E+0	25.500000	3.390000E-3	+8.96775918E-07
839.926041E+0	25.500000E+0	25.500000	3.400000E-3	+8.52513841E-07
840.351065E+0	25.500000E+0	25.500000	3.410000E-3	+9.26283968E-07
840.780089E+0	25.500000E+0	25.500000	3.420000E-3	+9.32537596E-07
841.203114E+0	25.500000E+0	25.500000	3.430000E-3	+9.45977905E-07
841.629138E+0	25.500000E+0	25.500000	3.440000E-3	+9.40419883E-07
842.054163E+0	25.500000E+0	25.500000	3.450000E-3	+9.57397116E-07
842.483187E+0	25.500000E+0	25.500000	3.460000E-3	+9.00806339E-07
842.910212E+0	25.500000E+0	25.500000	3.470000E-3	+9.73970129E-07
843.335236E+0	25.500000E+0	25.500000	3.480000E-3	+9.09800230E-07
843.762260E+0	25.500000E+0	25.500000	3.490000E-3	+9.64572018E-07
844.187284E+0	25.500000E+0	25.500000	3.500000E-3	+9.60327709E-07
844.613309E+0	25.500000E+0	25.500000	3.510000E-3	+9.31628101E-07
845.039333E+0	25.500000E+0	25.500000	3.520000E-3	+9.27540163E-07
845.464357E+0	25.500000E+0	25.500000	3.530000E-3	+9.49873319E-07
845.891382E+0	25.500000E+0	25.500000	3.540000E-3	+9.68770605E-07
846.316406E+0	25.500000E+0	25.500000	3.550000E-3	+9.09148152E-07
846.744431E+0	25.500000E+0	25.500000	3.560000E-3	+9.28045438E-07
847.171455E+0	25.500000E+0	25.500000	3.570000E-3	+9.59978820E-07
847.597480E+0	25.500000E+0	25.500000	3.580000E-3	+9.65840010E-07
848.020504E+0	25.500000E+0	25.500000	3.590000E-3	+9.54319740E-07
848.446528E+0	25.500000E+0	25.500000	3.600000E-3	+9.97672337E-07
848.872552E+0	25.500000E+0	25.500000	3.610000E-3	+1.00919261E-06
849.299577E+0	25.500000E+0	25.500000	3.620000E-3	+9.92556623E-07
849.726602E+0	25.500000E+0	25.500000	3.630000E-3	+9.92354513E-07
850.150625E+0	25.500000E+0	25.500000	3.640000E-3	+9.71638230E-07
850.578650E+0	25.500000E+0	25.500000	3.650000E-3	+9.76589927E-07
851.006675E+0	25.500000E+0	25.500000	3.660000E-3	+9.97003045E-07
851.432699E+0	25.500000E+0	25.500000	3.670000E-3	+9.75882542E-07
851.857723E+0	25.500000E+0	25.500000	3.680000E-3	+1.00761382E-06
852.283748E+0	25.500000E+0	25.500000	3.690000E-3	+1.01650667E-06
852.710772E+0	25.500000E+0	25.500000	3.700000E-3	+1.02095309E-06
853.137796E+0	25.500000E+0	25.500000	3.710000E-3	+1.02236786E-06
853.562820E+0	25.500000E+0	25.500000	3.720000E-3	+9.62025989E-07
853.990845E+0	25.500000E+0	25.500000	3.730000E-3	+9.90422452E-07
854.415869E+0	25.500000E+0	25.500000	3.740000E-3	+9.75264198E-07
854.842894E+0	25.500000E+0	25.500000	3.750000E-3	+1.01022924E-06
855.269918E+0	25.500000E+0	25.500000	3.760000E-3	+1.04024258E-06
855.695943E+0	25.500000E+0	25.500000	3.770000E-3	+1.04660905E-06
856.123967E+0	25.500000E+0	25.500000	3.780000E-3	+1.02953075E-06
856.548992E+0	25.500000E+0	25.500000	3.790000E-3	+9.91433002E-07
856.974016E+0	25.500000E+0	25.500000	3.800000E-3	+1.01528199E-06
857.401040E+0	25.500000E+0	25.500000	3.810000E-3	+1.03256240E-06
857.827065E+0	25.500000E+0	25.500000	3.820000E-3	+1.08350021E-06
858.251089E+0	25.500000E+0	25.500000	3.830000E-3	+1.04792884E-06
858.679113E+0	25.500000E+0	25.500000	3.840000E-3	+1.01741022E-06
859.106138E+0	25.500000E+0	25.500000	3.850000E-3	+1.08602659E-06
859.535162E+0	25.500000E+0	25.500000	3.860000E-3	+1.05025311E-06
859.961186E+0	25.500000E+0	25.500000	3.870000E-3	+1.06308710E-06
860.386211E+0	25.500000E+0	25.500000	3.880000E-3	+1.07046411E-06
860.812235E+0	25.500000E+0	25.500000	3.890000E-3	+1.08137806E-06
861.237260E+0	25.500000E+0	25.500000	3.900000E-3	+1.07561792E-06
861.665284E+0	25.500000E+0	25.500000	3.910000E-3	+1.07501159E-06
862.089309E+0	25.500000E+0	25.500000	3.920000E-3	+1.09164388E-06
862.516333E+0	25.500000E+0	25.500000	3.930000E-3	+1.09285654E-06
862.944357E+0	25.500000E+0	25.500000	3.940000E-3	+1.07587930E-06
863.366382E+0	25.500000E+0	25.500000	3.950000E-3	+1.10245677E-06
863.795406E+0	25.500000E+0	25.500000	3.960000E-3	+1.11822135E-06
864.222431E+0	25.500000E+0	25.500000	3.970000E-3	+1.10336626E-06
864.647455E+0	25.500000E+0	25.500000	3.980000E-3	+1.11387598E-06
865.073479E+0	25.500000E+0	25.500000	3.990000E-3	+1.11599814E-06
865.497503E+0	25.500000E+0	25.500000	4.000000E-3	+1.08729852E-06
865.924528E+0	25.500000E+0	25.500000	4.010000E-3	+1.07193816E-06
866.348552E+0	25.500000E+0	25.500000	4.020000E-3	+1.09879765E-06
866.773577E+0	25.500000E+0	25.500000	4.030000E-3	+1.09556389E-06
867.198601E+0	25.500000E+0	25.500000	4.040000E-3	+1.04614800E-06
867.625625E+0	25.500000E+0	25.500000	4.050000E-3	+1.12638565E-06
868.052649E+0	25.500000E+0	25.500000	4.060000E-3	+1.09131958E-06
868.478674E+0	25.500000E+0	25.500000	4.070000E-3	+1.13477322E-06
868.902698E+0	25.500000E+0	25.500000	4.080000E-3	+1.13487427E-06
869.328722E+0	25.500000E+0	25.500000	4.090000E-3	+1.16114857E-06
869.755747E+0	25.500000E+0	25.500000	4.100000E-3	+1.14538399E-06
870.182771E+0	25.500000E+0	25.500000	4.110000E-3	+1.15882430E-06
870.609796E+0	25.500000E+0	25.500000	4.120000E-3	+1.16346184E-06
871.034820E+0	25.500000E+0	25.500000	4.130000E-3	+1.14618144E-06
871.461844E+0	25.500000E+0	25.500000	4.140000E-3	+1.17498211E-06
871.884869E+0	25.500000E+0	25.500000	4.150000E-3	+1.18114646E-06
872.312893E+0	25.500000E+0	25.500000	4.160000E-3	+1.16912092E-06
872.739917E+0	25.500000E+0	25.500000	4.170000E-3	+1.17821587E-06
873.164942E+0	25.500000E+0	25.500000	4.180000E-3	+1.18488550E-06
873.591966E+0	25.500000E+0	25.500000	4.190000E-3	+1.18266229E-06
874.017991E+0	25.500000E+0	25.500000	4.200000E-3	+1.14971837E-06
874.444015E+0	25.500000E+0	25.500000	4.210000E-3	+1.16528083E-06
874.869040E+0	25.500000E+0	25.500000	4.220000E-3	+1.18304761E-06
875.293064E+0	25.500000E+0	25.500000	4.230000E-3	+1.17567060E-06
875.718088E+0	25.500000E+0	25.500000	4.240000E-3	+1.19527526E-06
876.143112E+0	25.500000E+0	25.500000	4.250000E-3	+1.18708981E-06
876.571136E+0	25.500000E+0	25.500000	4.260000E-3	+1.19790269E-06
876.997161E+0	25.500000E+0	25.500000	4.270000E-3	+1.18698875E-06
877.422185E+0	25.500000E+0	25.500000	4.280000E-3	+1.17738853E-06
877.849210E+0	25.500000E+0	25.500000	4.290000E-3	+1.18011702E-06
878.274234E+0	25.500000E+0	25.500000	4.300000E-3	+1.16819253E-06
878.700259E+0	25.500000E+0	25.500000	4.310000E-3	+1.20164172E-06
879.123282E+0	25.500000E+0	25.500000	4.320000E-3	+1.19454809E-06
879.548307E+0	25.500000E+0	25.500000	4.330000E-3	+1.23133208E-06
879.975331E+0	25.500000E+0	25.500000	4.340000E-3	+1.23163525E-06
880.400356E+0	25.500000E+0	25.500000	4.350000E-3	+1.22506668E-06
880.827380E+0	25.500000E+0	25.500000	4.360000E-3	+1.20546202E-06
881.250405E+0	25.500000E+0	25.500000	4.370000E-3	+1.25487788E-06
881.676429E+0	25.500000E+0	25.500000	4.380000E-3	+1.24265024E-06
882.103454E+0	25.500000E+0	25.500000	4.390000E-3	+1.17140651E-06
882.528477E+0	25.500000E+0	25.500000	4.400000E-3	+1.19050589E-06
882.954502E+0	25.500000E+0	25.500000	4.410000E-3	+1.20020716E-06
883.380526E+0	25.500000E+0	25.500000	4.420000E-3	+1.17179014E-06
883.806551E+0	25.500000E+0	25.500000	4.430000E-3	+1.24545918E-06
884.230575E+0	25.500000E+0	25.500000	4.440000E-3	+1.23929483E-06
884.659599E+0	25.500000E+0	25.500000	4.450000E-3	+1.25253302E-06
885.085624E+0	25.500000E+0	25.500000	4.460000E-3	+1.23969905E-06
885.508648E+0	25.500000E+0	25.500000	4.470000E-3	+1.22706718E-06
885.933672E+0	25.500000E+0	25.500000	4.480000E-3	+1.26112269E-06
886.358696E+0	25.500000E+0	25.500000	4.490000E-3	+1.25273513E-06
886.785721E+0	25.500000E+0	25.500000	4.500000E-3	+1.27345139E-06
887.212745E+0	25.500000E+0	25.500000	4.510000E-3	+1.23363575E-06
887.638770E+0	25.500000E+0	25.500000	4.520000E-3	+1.21022498E-06
888.064794E+0	25.500000E+0	25.500000	4.530000E-3	+1.27257588E-06
888.487818E+0	25.500000E+0	25.500000	4.540000E-3	+1.22265474E-06
888.912843E+0	25.500000E+0	25.500000	4.550000E-3	+1.27661808E-06
889.341867E+0	25.500000E+0	25.500000	4.560000E-3	+1.28955311E-06
889.767892E+0	25.500000E+0	25.500000	4.570000E-3	+1.27601175E-06
890.194916E+0	25.500000E+0	25.500000	4.580000E-3	+1.28652146E-06
890.620941E+0	25.500000E+0	25.500000	4.590000E-3	+1.29147316E-06
891.046965E+0	25.500000E+0	25.500000	4.600000E-3	+1.28217610E-06
891.470989E+0	25.500000E+0	25.500000	4.610000E-3	+1.30178076E-06
891.899014E+0	25.500000E+0	25.500000	4.620000E-3	+1.21931991E-06
892.326038E+0	25.500000E+0	25.500000	4.630000E-3	+1.31400840E-06
892.752062E+0	25.500000E+0	25.500000	4.640000E-3	+1.29713222E-06
893.178087E+0	25.500000E+0	25.500000	4.650000E-3	+1.29713222E-06
893.604111E+0	25.500000E+0	25.500000	4.660000E-3	+1.30784405E-06
894.031136E+0	25.500000E+0	25.500000	4.670000E-3	+1.31026937E-06
894.458160E+0	25.500000E+0	25.500000	4.680000E-3	+1.32017275E-06
894.881184E+0	25.500000E+0	25.500000	4.690000E-3	+1.31451368E-06
895.307209E+0	25.500000E+0	25.500000	4.700000E-3	+1.27651702E-06
895.733232E+0	25.500000E+0	25.500000	4.710000E-3	+1.30430713E-06
896.159257E+0	25.500000E+0	25.500000	4.720000E-3	+1.28199914E-06
896.586281E+0	25.500000E+0	25.500000	4.730000E-3	+1.30099747E-06
897.012306E+0	25.500000E+0	25.500000	4.740000E-3	+1.31100191E-06
897.436330E+0	25.500000E+0	25.500000	4.750000E-3	+1.28846665E-06
897.864355E+0	25.500000E+0	25.500000	4.760000E-3	+1.30039114E-06
898.289379E+0	25.500000E+0	25.500000	4.770000E-3	+1.33151607E-06
898.716403E+0	25.500000E+0	25.500000	4.780000E-3	+1.32060214E-06
899.139428E+0	25.500000E+0	25.500000	4.790000E-3	+1.31362934E-06
899.566452E+0	25.500000E+0	25.500000	4.800000E-3	+1.35263656E-06
899.992476E+0	25.500000E+0	25.500000	4.810000E-3	+1.33454772E-06
900.419501E+0	25.500000E+0	25.500000	4.820000E-3	+1.33302992E-06
900.846525E+0	25.500000E+0	25.500000	4.830000E-3	+1.33697106E-06
901.272550E+0	25.500000E+0	25.500000	4.840000E-3	+1.27017373E-06
901.698574E+0	25.500000E+0	25.500000	4.850000E-3	+1.29018261E-06
902.126598E+0	25.500000E+0	25.500000	4.860000E-3	+1.32918983E-06
902.550622E+0	25.500000E+0	25.500000	4.870000E-3	+1.36759072E-06
902.975647E+0	25.500000E+0	25.500000	4.880000E-3	+1.32373286E-06
903.402671E+0	25.500000E+0	25.500000	4.890000E-3	+1.31180838E-06
903.829696E+0	25.500000E+0	25.500000	4.900000E-3	+1.33818372E-06
904.255720E+0	25.500000E+0	25.500000	4.910000E-3	+1.36748966E-06
904.681745E+0	25.500000E+0	25.500000	4.920000E-3	+1.36023170E-06
905.106769E+0	25.500000E+0	25.500000	4.930000E-3	+1.36558762E-06
905.531794E+0	25.500000E+0	25.500000	4.940000E-3	+1.36538551E-06
905.957818E+0	25.500000E+0	25.500000	4.950000E-3	+1.35841271E-06
906.384842E+0	25.500000E+0	25.500000	4.960000E-3	+1.36740661E-06
906.811866E+0	25.500000E+0	25.500000	4.970000E-3	+1.37599628E-06
907.238891E+0	25.500000E+0	25.500000	4.980000E-3	+1.34183970E-06
907.664915E+0	25.500000E+0	25.500000	4.990000E-3	+1.35042937E-06
	Temp	26.000000	
Time	TEMP	REAL TEMP	CURRENT	VOLTAGE
1.390299E+3	26.000000E+0	26.000000	0.000000E+0	+3.27173783E-07
	Temp	26.500000	
Time	TEMP	REAL TEMP	CURRENT	VOLTAGE
1.872903E+3	26.500000E+0	26.500000	0.000000E+0	+4.13671705E-07
	Temp	27.000000	
Time	TEMP	REAL TEMP	CURRENT	VOLTAGE
2.355505E+3	27.000000E+0	27.000000	0.000000E+0	+2.02363077E-07
	Temp	27.500000	
Time	TEMP	REAL TEMP	CURRENT	VOLTAGE
2.898111E+3	27.500000E+0	27.500000	0.000000E+0	+3.82421680E-07
	Temp	28.000000	
Time	TEMP	REAL TEMP	CURRENT	VOLTAGE
3.440715E+3	28.000000E+0	28.000000	0.000000E+0	+2.90189705E-07
